0000 
000064 
0.0000000000000000E+00 
000000   9.7656250000000000E-04    4.6044031290241588E-01  1.5612749555226912E-02  1.3252702932865907E+00   -2.2023751334708874E-01 -5.0839661917290702E-01  2.7451135038644953E-01 
000001   9.7656250000000000E-04    3.0271133999615119E-01 -2.0771181406803269E-01  2.5940121365121016E-01    2.6106639259616548E-02 -1.9926126982905176E-01  2.8205582134079649E-01 
000002   9.7656250000000000E-04    1.4112762962323866E-01 -7.2740758265442307E-01 -9.1281152441309477E-01   -4.8603824310369381E-01 -3.0506449815879405E-01 -2.6500783552175822E-01 
000003   9.7656250000000000E-04   -5.1862764654863647E-01  1.6559133361886694E-01  4.2780136543790079E-02    5.1296654644144657E-01  6.0179324509460219E-01 -1.6972894766640165E-01 
000004   9.7656250000000000E-04    1.1507186131216645E+00  1.2070619462304011E+00 -1.2341478896642721E+00    2.7890613713538814E-01  2.0883206336889021E-01  4.1393395036897387E-02 
000005   9.7656250000000000E-04    6.2009052073549190E-02 -7.1963360634133153E-02  7.8604786181074832E-02    7.8320291343504167E-01  8.8100086490753793E-02 -5.1305293583481168E-03 
000006   9.7656250000000000E-04   -5.8683150602911816E-01  1.3128858502011911E-01 -1.3579352582305231E+00    2.7101972619438669E-01  4.8616933948835733E-01 -3.1678736080024902E-02 
000007   9.7656250000000000E-04    8.9884127176237907E-02 -9.7082222265706131E-01 -4.0481458573464274E-01   -1.3208206803467498E-01 -1.5017866851443407E-01 -3.5660418739260791E-01 
000008   9.7656250000000000E-04   -5.0504236034670091E-01  2.2878611053114464E-01 -1.6169514296124843E-01   -6.0855866670190148E-02 -5.6717298638234215E-01 -9.8610979621105377E-01 
000009   9.7656250000000000E-04   -3.0769727992331186E-02  1.1923091707119772E-01 -1.1581363517936705E-01    2.2054431818743925E-01 -2.7605267283617507E-01  1.1627679177827159E+00 
000010   9.7656250000000000E-04   -1.3434422809911233E+00 -1.2087233974452838E+00 -8.2203417371233833E-01   -3.2523326341399700E-01 -4.1115540781010351E-01  4.1579662296629055E-01 
000011   9.7656250000000000E-04    1.0935374941027642E+00 -5.1349111454631824E-01  1.8094447250573713E+00   -2.4521801971200829E-01 -2.0984771370460542E-01  1.2279563772335585E-01 
000012   9.7656250000000000E-04   -2.5811285331130640E-01 -1.8284104639708906E-01  5.9885152919018414E-01    1.6296642796792338E-01 -4.0560729590429700E-01 -1.2877352250553378E-01 
000013   9.7656250000000000E-04    7.9355214599505919E-01 -1.6661574895541607E+00 -1.6436719986157984E+00    2.4960777035567477E-01 -3.8971097917483544E-01  7.9895837364561115E-02 
000014   9.7656250000000000E-04   -9.9219635066871883E-02 -3.5838057717465766E-01  8.2536635800024771E-01   -3.2588649726384367E-02  6.8224824195376721E-01  2.8308166914320348E-01 
000015   9.7656250000000000E-04   -1.7995687901402180E-01 -1.4568573268891075E-01 -2.8410120211334361E-01    9.3563866212507696E-01  1.9576664122608459E-01  4.8648459632099822E-01 
000016   9.7656250000000000E-04   -2.2222836542424756E-01  2.9311571894858524E-01 -3.9357325649941383E-01   -5.4188133962713581E-01  1.8526533910510384E-01  6.0370375630167550E-01 
000017   9.7656250000000000E-04   -2.5846970846547739E-02  2.4513878136297584E-01 -5.3701224388053559E-01    2.8501960536153892E-01  8.7014146546524551E-01  3.0855332653988693E-01 
000018   9.7656250000000000E-04    2.3039067987617634E-01 -2.5072272349195129E-01  6.9837079087657461E-01    8.4840337260947821E-02 -1.9972662472360295E-01 -6.8055139303259116E-01 
000019   9.7656250000000000E-04   -3.7087138574493111E-01 -1.1420875353066575E+00  1.4433269108051654E+00    7.8092767877337335E-02 -2.3015119226226616E-01 -4.7333343118864885E-01 
000020   9.7656250000000000E-04   -5.0622106273941458E-01 -1.0129280481399578E+00  7.6590571045495759E-01   -1.6342346505109379E-01 -7.4104182458915452E-02  1.3898813144963260E-01 
000021   9.7656250000000000E-04   -3.4696765386915845E-01 -2.9750485140637478E-01  7.5955234029453894E-02    7.1396802003090742E-01  2.0571808310328929E-01  9.1483360281211301E-01 
000022   9.7656250000000000E-04    2.8502607647128431E-01  3.2127524003845587E-01 -1.0642535268493947E-01    1.6539682121772076E-01  1.1859322079327504E-01 -9.6944763443716900E-02 
000023   9.7656250000000000E-04    4.4333489568356471E-01  2.4472602904083982E+00 -4.2099892093281976E-01   -1.8389030011961199E-01 -8.6447362054222848E-02 -5.1763475604576192E-01 
000024   9.7656250000000000E-04    4.6931357072468999E-01 -1.8193869443646584E+00 -9.8050058012940144E-01    1.6667667319779034E-02 -2.7227925540291875E-01  4.2222172544946029E-01 
000025   9.7656250000000000E-04    1.8276685547637772E-01  5.1810813623817387E-01  2.6440043362687965E-01   -1.1805837963298592E-01  4.3275595793396140E-02  2.9869184946734595E-01 
000026   9.7656250000000000E-04   -8.2670748611470868E-01 -4.4843995651124224E-01  8.6148151500817804E-01   -4.7929490180464634E-01 -2.2170833634640563E-01  8.7246287791110474E-02 
000027   9.7656250000000000E-04   -4.7708596379367091E-01  1.0941832524422883E-01 -1.7690607039080262E+00    1.5985680974762223E-01 -3.9503212684878825E-01  2.8560651112531488E-01 
000028   9.7656250000000000E-04    7.1965091217030361E-02 -3.5112186245421928E-01  2.7971870940526872E-01    5.2178315936060549E-01 -2.0200853027042331E-01 -5.4361430933070931E-01 
000029   9.7656250000000000E-04   -1.0318711330878508E-01  1.9172124888745323E-02  2.7240829663216337E-01    3.5417862101229369E-01 -1.9689761502870845E-01  4.4414881225158931E-01 
000030   9.7656250000000000E-04   -2.3645293032856056E+00  2.1922960684663209E+00  3.9425501950760533E+00   -2.6986813516391803E-02  2.3167008423211491E-01  1.4390264854715509E-01 
000031   9.7656250000000000E-04   -7.8162492005678696E-01  2.5421505714457133E-02  3.3328037983174247E-01    3.0967266171068697E-01  2.9168992569533458E-01 -2.0900217585582767E-01 
000032   9.7656250000000000E-04    1.2787544011825303E-02  1.1286597513661097E-02  1.6448531970678917E-01    5.1640652764203032E-01 -2.5256932909747676E-01 -6.9093309179990225E-01 
000033   9.7656250000000000E-04    4.1275618679422393E-02  3.7800693545632724E-01  4.8878820659371286E-01   -4.0809322193215752E-01  2.2477263870920569E-01 -9.8357504427979170E-01 
000034   9.7656250000000000E-04   -2.4597210013215004E-01  4.7929475637097194E-02 -5.0420361944924574E-01   -5.2112808311618186E-01 -7.5244227327274993E-01  1.6055870739666739E-01 
000035   9.7656250000000000E-04   -2.3874517262898748E-01  1.3412638697758150E-01  2.7685776695428932E-01   -9.2713619128414332E-02  4.5847214132289715E-01 -2.2059767843829650E-01 
000036   9.7656250000000000E-04    5.3733346945966665E-01  1.1799531892562172E+00  2.1410910888041372E+00   -8.2493381161469426E-02 -1.9339014155014045E-01  8.1549043758730330E-02 
000037   9.7656250000000000E-04   -9.6116696319675310E-01 -8.9953625733784781E-01 -1.7224937447324687E-02   -4.2914918504103783E-01 -6.4817572627642803E-02  5.3920738868418450E-01 
000038   9.7656250000000000E-04    3.7685924584812591E-01 -1.5477481176440377E-01  1.3125343677354095E-01    8.1018216606638893E-01 -4.9713890884335377E-01 -3.5140413519483821E-01 
000039   9.7656250000000000E-04    2.3630676570883713E-01  1.9705165806947608E-01 -1.8130030507533787E-01    6.0500497519098484E-01  1.5740962173474690E-01 -8.0240927368772155E-03 
000040   9.7656250000000000E-04   -2.2790470933342249E-01 -2.5689418562195099E-01  1.5374900749594329E+00    8.8324072238287907E-02 -5.2244109921592585E-01  5.1838244290339774E-01 
000041   9.7656250000000000E-04    1.2981985116701711E-01  2.3540297279833830E-01  1.1296465682990323E-01   -6.6522037993933381E-01  5.4044739647114381E-01 -6.5790733043166860E-01 
000042   9.7656250000000000E-04    5.0298507586780827E-01  6.3002414175352650E-01  9.0439730195589513E-02    4.6715316004119672E-01  4.3058902704841875E-02 -4.1254176083969196E-02 
000043   9.7656250000000000E-04    6.3346133381978934E-02 -5.9575554602729319E-01 -2.4318989132317248E-01   -1.4149780720003458E-01 -4.0185669023025272E-01 -6.6130244816396011E-01 
000044   9.7656250000000000E-04   -5.2381022545567835E-01 -8.3891709422309013E-01  1.4813060094563353E+00   -2.3942545519602558E-02  1.9991567027936852E-01  6.3725126166389467E-01 
000045   9.7656250000000000E-04   -1.6834890945084377E-02 -5.0761902728614056E-02 -1.1836532067535083E-01   -1.8570681881296197E-01 -1.2920671274139481E-01  3.4818838451132983E-01 
000046   9.7656250000000000E-04    4.7710906691621474E-01  1.3303756082626966E-01  7.4638452689981105E-01    5.8299963680930843E-03  6.2463296303777938E-01 -4.5810082662480295E-01 
000047   9.7656250000000000E-04    1.5544617045901232E-01 -8.5962048740915412E-02 -2.7441486056298175E-01    4.9056971870445315E-01 -5.6436741643954347E-01 -6.3230287339903124E-01 
000048   9.7656250000000000E-04   -2.0324517312178403E-01 -3.7635496802070184E-01 -2.1269435461073419E-01    2.2591756275565922E-01  4.6161624893335328E-02 -3.3372355857692482E-01 
000049   9.7656250000000000E-04   -1.0150323367666847E-01  4.1564823600977951E-01 -1.4453944066962018E-01   -1.7954219318107451E-01 -7.1311305436742289E-01 -8.8132911683106288E-02 
000050   9.7656250000000000E-04   -6.7506272174210313E-01 -6.5012420090956669E-01  1.3633442102174706E-01   -1.7177803237250416E-01 -4.4708405216532993E-01  3.4892361572889474E-01 
000051   9.7656250000000000E-04    4.8511761261944647E-02 -1.8076323800257654E-02  2.1937729119749305E-01    9.8257584894240912E-02  2.9817160024791500E-01 -1.2558326042160836E-01 
000052   9.7656250000000000E-04   -5.2018144711860248E-01  1.0757305752909278E-01  1.3840687169953289E-01   -4.9740985547629701E-01  5.9950429832252594E-01  2.6675441107817821E-01 
000053   9.7656250000000000E-04   -1.9839483951137982E-01  2.4276599877846881E-02  1.0008122033811362E-01    6.1344219382234877E-01  9.8185109014735761E-02 -3.7626729689858568E-01 
000054   9.7656250000000000E-04    8.4742204551710928E-02  1.2448583982324610E+00 -7.3244298822060081E+00   -2.1762464396951248E-01 -2.0728171662254571E-01  1.3342150940050104E-01 
000055   9.7656250000000000E-04    1.8004247929562162E-01 -7.2765106844608196E-01  1.4485187013643084E+00    5.6114956498212598E-01  7.0613144271993764E-02 -4.4391246799477768E-01 
000056   9.7656250000000000E-04   -2.5723328524823530E-01  2.8543883224653108E-03  4.7836378049165290E-01    4.8110303597595711E-01  7.6402409575820601E-03  5.6593821962908186E-01 
000057   9.7656250000000000E-04    1.7991134402394360E-01  8.8360188911714953E-03  2.7436059745546076E-01   -2.3143103005510318E-01  1.0581379479606650E+00 -3.7855399423306951E-01 
000058   9.7656250000000000E-04    4.6322473100505759E-02  9.1997984642593233E-02 -5.2358582799154514E-02   -1.3282851726721384E-01 -5.9138329385039337E-02 -3.6823754888876542E-02 
000059   9.7656250000000000E-04   -6.6970623079707281E-01  5.8207091564042257E-01 -7.5953668764735949E-01    1.1624307420325039E-01  8.8969580396531744E-01  1.3364410046381123E-01 
000060   9.7656250000000000E-04   -1.6053893197018146E-01 -2.2959841839485870E-01  2.9272639900285496E-01   -3.0179554598302499E-01 -7.7961846827202308E-01 -3.6021926529764198E-01 
000061   9.7656250000000000E-04    1.9284754705452728E-01 -4.9985079179524772E-01 -2.1290291771387834E-01   -1.0196574375596074E-01 -6.4623257378129417E-01  6.9109072402311733E-01 
000062   9.7656250000000000E-04    8.6513246396534849E-01 -2.1478484698505347E+00 -5.1436342304611449E-01    3.0365961180925105E-02 -1.1403313011712018E-01  3.1204389526310644E-01 
000063   9.7656250000000000E-04    1.0584014013284236E-01  4.3030725140632625E-01  4.3511603847856783E-01   -2.3061923695817160E-01  8.4737746706141859E-01  3.0952788060199871E-01 
