0000 
000512 
0.0000000000000000E+00 
000000   9.7656250000000000E-04    4.6044031290241588E-01  1.5612749555226912E-02  1.3252702932865907E+00   -2.2023751334708874E-01 -5.0839661917290702E-01  2.7451135038644953E-01 
000001   9.7656250000000000E-04    3.0271133999615119E-01 -2.0771181406803269E-01  2.5940121365121016E-01    2.6106639259616548E-02 -1.9926126982905176E-01  2.8205582134079649E-01 
000002   9.7656250000000000E-04    1.4112762962323866E-01 -7.2740758265442307E-01 -9.1281152441309477E-01   -4.8603824310369381E-01 -3.0506449815879405E-01 -2.6500783552175822E-01 
000003   9.7656250000000000E-04   -5.1862764654863647E-01  1.6559133361886694E-01  4.2780136543790079E-02    5.1296654644144657E-01  6.0179324509460219E-01 -1.6972894766640165E-01 
000004   9.7656250000000000E-04    1.1507186131216645E+00  1.2070619462304011E+00 -1.2341478896642721E+00    2.7890613713538814E-01  2.0883206336889021E-01  4.1393395036897387E-02 
000005   9.7656250000000000E-04    6.2009052073549190E-02 -7.1963360634133153E-02  7.8604786181074832E-02    7.8320291343504167E-01  8.8100086490753793E-02 -5.1305293583481168E-03 
000006   9.7656250000000000E-04   -5.8683150602911816E-01  1.3128858502011911E-01 -1.3579352582305231E+00    2.7101972619438669E-01  4.8616933948835733E-01 -3.1678736080024902E-02 
000007   9.7656250000000000E-04    8.9884127176237907E-02 -9.7082222265706131E-01 -4.0481458573464274E-01   -1.3208206803467498E-01 -1.5017866851443407E-01 -3.5660418739260791E-01 
000008   9.7656250000000000E-04   -5.0504236034670091E-01  2.2878611053114464E-01 -1.6169514296124843E-01   -6.0855866670190148E-02 -5.6717298638234215E-01 -9.8610979621105377E-01 
000009   9.7656250000000000E-04   -3.0769727992331186E-02  1.1923091707119772E-01 -1.1581363517936705E-01    2.2054431818743925E-01 -2.7605267283617507E-01  1.1627679177827159E+00 
000010   9.7656250000000000E-04   -1.3434422809911233E+00 -1.2087233974452838E+00 -8.2203417371233833E-01   -3.2523326341399700E-01 -4.1115540781010351E-01  4.1579662296629055E-01 
000011   9.7656250000000000E-04    1.0935374941027642E+00 -5.1349111454631824E-01  1.8094447250573713E+00   -2.4521801971200829E-01 -2.0984771370460542E-01  1.2279563772335585E-01 
000012   9.7656250000000000E-04   -2.5811285331130640E-01 -1.8284104639708906E-01  5.9885152919018414E-01    1.6296642796792338E-01 -4.0560729590429700E-01 -1.2877352250553378E-01 
000013   9.7656250000000000E-04    7.9355214599505919E-01 -1.6661574895541607E+00 -1.6436719986157984E+00    2.4960777035567477E-01 -3.8971097917483544E-01  7.9895837364561115E-02 
000014   9.7656250000000000E-04   -9.9219635066871883E-02 -3.5838057717465766E-01  8.2536635800024771E-01   -3.2588649726384367E-02  6.8224824195376721E-01  2.8308166914320348E-01 
000015   9.7656250000000000E-04   -1.7995687901402180E-01 -1.4568573268891075E-01 -2.8410120211334361E-01    9.3563866212507696E-01  1.9576664122608459E-01  4.8648459632099822E-01 
000016   9.7656250000000000E-04   -2.2222836542424756E-01  2.9311571894858524E-01 -3.9357325649941383E-01   -5.4188133962713581E-01  1.8526533910510384E-01  6.0370375630167550E-01 
000017   9.7656250000000000E-04   -2.5846970846547739E-02  2.4513878136297584E-01 -5.3701224388053559E-01    2.8501960536153892E-01  8.7014146546524551E-01  3.0855332653988693E-01 
000018   9.7656250000000000E-04    2.3039067987617634E-01 -2.5072272349195129E-01  6.9837079087657461E-01    8.4840337260947821E-02 -1.9972662472360295E-01 -6.8055139303259116E-01 
000019   9.7656250000000000E-04   -3.7087138574493111E-01 -1.1420875353066575E+00  1.4433269108051654E+00    7.8092767877337335E-02 -2.3015119226226616E-01 -4.7333343118864885E-01 
000020   9.7656250000000000E-04   -5.0622106273941458E-01 -1.0129280481399578E+00  7.6590571045495759E-01   -1.6342346505109379E-01 -7.4104182458915452E-02  1.3898813144963260E-01 
000021   9.7656250000000000E-04   -3.4696765386915845E-01 -2.9750485140637478E-01  7.5955234029453894E-02    7.1396802003090742E-01  2.0571808310328929E-01  9.1483360281211301E-01 
000022   9.7656250000000000E-04    2.8502607647128431E-01  3.2127524003845587E-01 -1.0642535268493947E-01    1.6539682121772076E-01  1.1859322079327504E-01 -9.6944763443716900E-02 
000023   9.7656250000000000E-04    4.4333489568356471E-01  2.4472602904083982E+00 -4.2099892093281976E-01   -1.8389030011961199E-01 -8.6447362054222848E-02 -5.1763475604576192E-01 
000024   9.7656250000000000E-04    4.6931357072468999E-01 -1.8193869443646584E+00 -9.8050058012940144E-01    1.6667667319779034E-02 -2.7227925540291875E-01  4.2222172544946029E-01 
000025   9.7656250000000000E-04    1.8276685547637772E-01  5.1810813623817387E-01  2.6440043362687965E-01   -1.1805837963298592E-01  4.3275595793396140E-02  2.9869184946734595E-01 
000026   9.7656250000000000E-04   -8.2670748611470868E-01 -4.4843995651124224E-01  8.6148151500817804E-01   -4.7929490180464634E-01 -2.2170833634640563E-01  8.7246287791110474E-02 
000027   9.7656250000000000E-04   -4.7708596379367091E-01  1.0941832524422883E-01 -1.7690607039080262E+00    1.5985680974762223E-01 -3.9503212684878825E-01  2.8560651112531488E-01 
000028   9.7656250000000000E-04    7.1965091217030361E-02 -3.5112186245421928E-01  2.7971870940526872E-01    5.2178315936060549E-01 -2.0200853027042331E-01 -5.4361430933070931E-01 
000029   9.7656250000000000E-04   -1.0318711330878508E-01  1.9172124888745323E-02  2.7240829663216337E-01    3.5417862101229369E-01 -1.9689761502870845E-01  4.4414881225158931E-01 
000030   9.7656250000000000E-04   -2.3645293032856056E+00  2.1922960684663209E+00  3.9425501950760533E+00   -2.6986813516391803E-02  2.3167008423211491E-01  1.4390264854715509E-01 
000031   9.7656250000000000E-04   -7.8162492005678696E-01  2.5421505714457133E-02  3.3328037983174247E-01    3.0967266171068697E-01  2.9168992569533458E-01 -2.0900217585582767E-01 
000032   9.7656250000000000E-04    1.2787544011825303E-02  1.1286597513661097E-02  1.6448531970678917E-01    5.1640652764203032E-01 -2.5256932909747676E-01 -6.9093309179990225E-01 
000033   9.7656250000000000E-04    4.1275618679422393E-02  3.7800693545632724E-01  4.8878820659371286E-01   -4.0809322193215752E-01  2.2477263870920569E-01 -9.8357504427979170E-01 
000034   9.7656250000000000E-04   -2.4597210013215004E-01  4.7929475637097194E-02 -5.0420361944924574E-01   -5.2112808311618186E-01 -7.5244227327274993E-01  1.6055870739666739E-01 
000035   9.7656250000000000E-04   -2.3874517262898748E-01  1.3412638697758150E-01  2.7685776695428932E-01   -9.2713619128414332E-02  4.5847214132289715E-01 -2.2059767843829650E-01 
000036   9.7656250000000000E-04    5.3733346945966665E-01  1.1799531892562172E+00  2.1410910888041372E+00   -8.2493381161469426E-02 -1.9339014155014045E-01  8.1549043758730330E-02 
000037   9.7656250000000000E-04   -9.6116696319675310E-01 -8.9953625733784781E-01 -1.7224937447324687E-02   -4.2914918504103783E-01 -6.4817572627642803E-02  5.3920738868418450E-01 
000038   9.7656250000000000E-04    3.7685924584812591E-01 -1.5477481176440377E-01  1.3125343677354095E-01    8.1018216606638893E-01 -4.9713890884335377E-01 -3.5140413519483821E-01 
000039   9.7656250000000000E-04    2.3630676570883713E-01  1.9705165806947608E-01 -1.8130030507533787E-01    6.0500497519098484E-01  1.5740962173474690E-01 -8.0240927368772155E-03 
000040   9.7656250000000000E-04   -2.2790470933342249E-01 -2.5689418562195099E-01  1.5374900749594329E+00    8.8324072238287907E-02 -5.2244109921592585E-01  5.1838244290339774E-01 
000041   9.7656250000000000E-04    1.2981985116701711E-01  2.3540297279833830E-01  1.1296465682990323E-01   -6.6522037993933381E-01  5.4044739647114381E-01 -6.5790733043166860E-01 
000042   9.7656250000000000E-04    5.0298507586780827E-01  6.3002414175352650E-01  9.0439730195589513E-02    4.6715316004119672E-01  4.3058902704841875E-02 -4.1254176083969196E-02 
000043   9.7656250000000000E-04    6.3346133381978934E-02 -5.9575554602729319E-01 -2.4318989132317248E-01   -1.4149780720003458E-01 -4.0185669023025272E-01 -6.6130244816396011E-01 
000044   9.7656250000000000E-04   -5.2381022545567835E-01 -8.3891709422309013E-01  1.4813060094563353E+00   -2.3942545519602558E-02  1.9991567027936852E-01  6.3725126166389467E-01 
000045   9.7656250000000000E-04   -1.6834890945084377E-02 -5.0761902728614056E-02 -1.1836532067535083E-01   -1.8570681881296197E-01 -1.2920671274139481E-01  3.4818838451132983E-01 
000046   9.7656250000000000E-04    4.7710906691621474E-01  1.3303756082626966E-01  7.4638452689981105E-01    5.8299963680930843E-03  6.2463296303777938E-01 -4.5810082662480295E-01 
000047   9.7656250000000000E-04    1.5544617045901232E-01 -8.5962048740915412E-02 -2.7441486056298175E-01    4.9056971870445315E-01 -5.6436741643954347E-01 -6.3230287339903124E-01 
000048   9.7656250000000000E-04   -2.0324517312178403E-01 -3.7635496802070184E-01 -2.1269435461073419E-01    2.2591756275565922E-01  4.6161624893335328E-02 -3.3372355857692482E-01 
000049   9.7656250000000000E-04   -1.0150323367666847E-01  4.1564823600977951E-01 -1.4453944066962018E-01   -1.7954219318107451E-01 -7.1311305436742289E-01 -8.8132911683106288E-02 
000050   9.7656250000000000E-04   -6.7506272174210313E-01 -6.5012420090956669E-01  1.3633442102174706E-01   -1.7177803237250416E-01 -4.4708405216532993E-01  3.4892361572889474E-01 
000051   9.7656250000000000E-04    4.8511761261944647E-02 -1.8076323800257654E-02  2.1937729119749305E-01    9.8257584894240912E-02  2.9817160024791500E-01 -1.2558326042160836E-01 
000052   9.7656250000000000E-04   -5.2018144711860248E-01  1.0757305752909278E-01  1.3840687169953289E-01   -4.9740985547629701E-01  5.9950429832252594E-01  2.6675441107817821E-01 
000053   9.7656250000000000E-04   -1.9839483951137982E-01  2.4276599877846881E-02  1.0008122033811362E-01    6.1344219382234877E-01  9.8185109014735761E-02 -3.7626729689858568E-01 
000054   9.7656250000000000E-04    8.4742204551710928E-02  1.2448583982324610E+00 -7.3244298822060081E+00   -2.1762464396951248E-01 -2.0728171662254571E-01  1.3342150940050104E-01 
000055   9.7656250000000000E-04    1.8004247929562162E-01 -7.2765106844608196E-01  1.4485187013643084E+00    5.6114956498212598E-01  7.0613144271993764E-02 -4.4391246799477768E-01 
000056   9.7656250000000000E-04   -2.5723328524823530E-01  2.8543883224653108E-03  4.7836378049165290E-01    4.8110303597595711E-01  7.6402409575820601E-03  5.6593821962908186E-01 
000057   9.7656250000000000E-04    1.7991134402394360E-01  8.8360188911714953E-03  2.7436059745546076E-01   -2.3143103005510318E-01  1.0581379479606650E+00 -3.7855399423306951E-01 
000058   9.7656250000000000E-04    4.6322473100505759E-02  9.1997984642593233E-02 -5.2358582799154514E-02   -1.3282851726721384E-01 -5.9138329385039337E-02 -3.6823754888876542E-02 
000059   9.7656250000000000E-04   -6.6970623079707281E-01  5.8207091564042257E-01 -7.5953668764735949E-01    1.1624307420325039E-01  8.8969580396531744E-01  1.3364410046381123E-01 
000060   9.7656250000000000E-04   -1.6053893197018146E-01 -2.2959841839485870E-01  2.9272639900285496E-01   -3.0179554598302499E-01 -7.7961846827202308E-01 -3.6021926529764198E-01 
000061   9.7656250000000000E-04    1.9284754705452728E-01 -4.9985079179524772E-01 -2.1290291771387834E-01   -1.0196574375596074E-01 -6.4623257378129417E-01  6.9109072402311733E-01 
000062   9.7656250000000000E-04    8.6513246396534849E-01 -2.1478484698505347E+00 -5.1436342304611449E-01    3.0365961180925105E-02 -1.1403313011712018E-01  3.1204389526310644E-01 
000063   9.7656250000000000E-04    1.0584014013284236E-01  4.3030725140632625E-01  4.3511603847856783E-01   -2.3061923695817160E-01  8.4737746706141859E-01  3.0952788060199871E-01 
000064   9.7656250000000000E-04    1.8049495930632111E+00 -1.3387633231424356E-01 -2.9650044780165635E-01    6.1575241068061481E-01  6.3261839693807428E-02 -3.0070733619009954E-01 
000065   9.7656250000000000E-04   -3.1604709781185314E-01 -3.1423371713332870E-01  4.7077599233050244E-01   -2.2413034712843927E-01  5.4947147114309758E-01  1.5072117126835821E-01 
000066   9.7656250000000000E-04   -3.3658095490888917E-01  1.5308810363895364E+00  1.2606994550113300E+00   -2.6975396600128798E-01 -2.7919199374426232E-02  1.4927259190396988E-01 
000067   9.7656250000000000E-04    1.3019606198248774E+00 -1.8393775097047882E+00 -3.7945274132072754E-01   -6.0787713521375686E-02  6.9061031546144694E-02  3.7227791307934766E-01 
000068   9.7656250000000000E-04    1.2465789650863695E+00  1.2293179952281750E+00  3.8268899902180842E-01   -3.2036393330077712E-01  6.5110859913313987E-02 -2.3741528729923389E-01 
000069   9.7656250000000000E-04   -8.5386693419385651E-01 -4.2975055765015197E-01 -4.2190817994100321E-01    8.0111972641497081E-02 -2.7772269850753634E-01 -3.6091623480899959E-01 
000070   9.7656250000000000E-04    7.7189333405883451E-02  3.4172746065647103E-01 -4.4334172617762252E-01    2.7264625050952590E-01  1.3904444386145876E-01  1.1474784680861726E-01 
000071   9.7656250000000000E-04   -2.9215452143244175E-01 -1.3256396926187855E-01 -1.7243830100131669E-02    4.9067188291834263E-02 -4.4456690060790621E-01  2.1856416685111669E-03 
000072   9.7656250000000000E-04   -7.7235723775102472E-01 -1.5344378013440410E-01 -8.3039771104229027E-02   -8.0167215767314906E-02 -2.3649053147542018E-01  5.7887824025957990E-02 
000073   9.7656250000000000E-04    2.7028017384565584E-01  1.1695021897288012E-01 -2.5711741638295399E-01   -1.3437576879288982E-01 -4.0686117680126305E-01 -3.9269322332098044E-01 
000074   9.7656250000000000E-04    7.8527614198002041E-02 -8.6438847909588168E-02  8.9773548890847044E-01   -3.6632179595079967E-01  4.2837516422163063E-01 -3.6459049202066898E-02 
000075   9.7656250000000000E-04    1.0264248111269056E+00 -7.2790714535604484E-01 -8.7817439745132475E-01   -1.6122673341157723E-01 -1.6798933205894423E-01 -1.5299710183554582E-01 
000076   9.7656250000000000E-04   -6.5030230206548267E-01  1.2667848392923906E+00 -1.9422107795301974E-01    1.2216137940843880E-02  3.5967684753205764E-01  2.3404105009380491E-01 
000077   9.7656250000000000E-04    2.9293731714149596E-01  1.6358267123068424E+00  1.3764537173822109E+00   -2.8217881056869126E-01  1.6423774257305704E-01 -2.5597565871980171E-01 
000078   9.7656250000000000E-04    2.4543844424198552E-01 -7.5246279985340073E-02  6.9594352802472212E-02   -5.5104370078236165E-01  4.8948403260349099E-01 -3.9041429842856284E-01 
000079   9.7656250000000000E-04   -2.4952004313881276E-01 -3.2344480402982617E-01 -2.6220568827210089E-01    1.8870456198205326E-01 -1.8277093013198262E-01 -3.8193725652807320E-01 
000080   9.7656250000000000E-04   -4.0569340084164879E-02 -2.9878473421987595E-01  3.0865833078530674E-01    4.3194784745696174E-01  5.1476716050231941E-01 -3.7087333240061526E-02 
000081   9.7656250000000000E-04    1.1301846650680694E+00 -4.7483929180532636E-01  8.7705873729021877E-01    1.0635698417466836E-01  2.5016632724264370E-01  7.1657222171358392E-02 
000082   9.7656250000000000E-04    1.3131875464864253E+00 -7.1061180449523498E-01 -2.6865484567580733E-01    2.7706618543197925E-01  6.6021762956044217E-01  7.4549394565580518E-02 
000083   9.7656250000000000E-04    1.0732462699705583E+00  8.5155125756227545E-01  1.7874426623456452E-01   -6.5916733756425858E-02 -9.0567658155878250E-02  2.6152291950517115E-01 
000084   9.7656250000000000E-04   -2.1546191113314737E+00  5.6885400722704527E-01  1.7097458981675802E+00   -1.0370200401983438E-01  1.5166143109212498E-02 -6.2128286536053012E-02 
000085   9.7656250000000000E-04   -2.5425150425134363E-01  4.3416428433236753E-01 -5.7242581775254686E-01   -1.3742570294829143E-01  6.8831147620339028E-01 -3.2667727856782058E-01 
000086   9.7656250000000000E-04   -9.3879925245785548E-02 -1.8291942749397444E-01  1.5838925421213160E-01   -1.8362518252823734E-01  2.7819782431134815E-01  2.8786222579582837E-01 
000087   9.7656250000000000E-04   -6.4860852473025721E-01 -4.9693708570745410E-01 -6.5276066210150518E-01   -1.6745141832846457E-02 -1.4971547257359177E-01  2.8230486541977562E-01 
000088   9.7656250000000000E-04   -3.2502074910661405E-01  1.6990836014302974E-01  2.4449684627446347E-01   -7.4294922236336902E-01 -9.7534746367096248E-01 -2.2059135718504114E-02 
000089   9.7656250000000000E-04   -4.0153244104345126E-01  4.6700118475720359E-01 -8.6410847363552479E-01   -5.4971237225098657E-01 -2.5717511873565768E-01  3.7671557101251096E-01 
000090   9.7656250000000000E-04    2.0452420690466783E-01  1.6435476822783175E+00 -2.9273995842409639E-01   -6.0507075531236509E-01 -1.3091429637043786E-01  2.8691913901294047E-01 
000091   9.7656250000000000E-04   -5.9072914594396841E-01 -3.6387033497318694E-01  3.1354187033003939E-01    1.8720498270368563E-01 -2.2701177152972873E-01 -5.7066429329276649E-02 
000092   9.7656250000000000E-04    2.7791323377751481E-01  1.1316085684426842E+00  2.9888866601029268E-03   -2.7988037740292887E-01  6.2271662560196539E-01 -4.4704137008050959E-01 
000093   9.7656250000000000E-04    5.5052665462694939E-01  9.9939714804078439E-01  3.9633148987613381E-01   -2.7591555046442673E-01 -3.8084030166842149E-02 -2.5915044335196569E-01 
000094   9.7656250000000000E-04    1.6419067930216880E+00 -6.4184104057553981E-02  5.1744104297166282E-01    1.2392256507512413E-01 -6.4632825560515905E-01 -2.8515603039617715E-01 
000095   9.7656250000000000E-04   -4.2865166361827578E-01  4.8197788025406957E-01 -3.1084599981758265E-01   -2.5856804331587774E-01  5.9642937941763223E-02 -3.0124428948977289E-01 
000096   9.7656250000000000E-04   -5.2117049175849660E-02  3.2155290866156155E-01  1.0473492596033093E-01   -6.0739356956547241E-01 -3.5206078052317391E-01 -1.3427127542494915E-01 
000097   9.7656250000000000E-04   -4.4494618044755513E-01  2.8054082676201997E-01  4.5870321146242204E-01    1.0509042974654681E+00 -5.8006048639706709E-01 -7.5030422893677484E-01 
000098   9.7656250000000000E-04    2.1854995940262556E-01  2.0565152836681005E-01 -1.5514195244294909E-01   -2.8565952305253911E-01 -1.6056016551588473E-01  1.4489279302176516E-01 
000099   9.7656250000000000E-04   -5.7553372039816297E-01  2.1432034343505280E-01 -3.0047664387041262E-01    7.7521861992415053E-01 -7.5631641712692843E-01  5.4038544276055123E-01 
000100   9.7656250000000000E-04   -1.7373889680784349E-01  7.9783598664830091E-01 -7.8498142040362529E-01    2.2468894288254215E-01 -9.2722813958536793E-02  1.6237546913779446E-01 
000101   9.7656250000000000E-04    8.6678045941675008E-01  2.9084271675508561E-01  1.5142457370429088E-01   -1.4209376903671322E-01  5.6050857054673930E-01  4.3321989166058616E-02 
000102   9.7656250000000000E-04   -6.2871381823279260E-01  4.3209171180275391E-01  4.1503816223690826E-01   -3.4725610102078347E-01 -5.3170911149732270E-01  9.1401667415603327E-01 
000103   9.7656250000000000E-04    2.1141654242036845E-01 -1.2678739953682991E-01 -5.4253938296927162E-01   -5.2887978045614836E-01 -1.3570031477420133E-01 -7.5114715705102653E-01 
000104   9.7656250000000000E-04    1.5282061098713412E-02  4.0414757241336946E-01  1.5115263822656208E-01    7.4659648201494455E-01 -5.7637117877282551E-01 -5.2875048398431357E-01 
000105   9.7656250000000000E-04    1.1980742142183264E-01  4.3329780202509438E-02 -3.0732627921995007E-03    4.9320532720643306E-01  3.0170150903832703E-02  5.5944760009393102E-01 
000106   9.7656250000000000E-04   -2.3815619539129246E-01 -7.7638211884441588E-01  1.4705190659671137E+00   -4.3859497981770534E-01 -4.0771623418107139E-01 -2.6460230060654016E-01 
000107   9.7656250000000000E-04    1.9005451497928399E-01  2.4612744379455944E+00 -2.0671754896186828E-01   -2.5398740314380625E-01 -6.6903783156432653E-02 -2.6087232299880875E-01 
000108   9.7656250000000000E-04   -5.7618619537555893E-01 -3.4290015725445222E-01  3.8679421312417345E-01   -4.6068702842744275E-01 -6.9753583470242952E-01  9.7830182808723687E-02 
000109   9.7656250000000000E-04   -1.7663814139260179E+00  9.7854732291710878E-01  3.3944590797852503E+00    7.2592004145322853E-02  2.7240087153893716E-01  3.2384707818444475E-01 
000110   9.7656250000000000E-04   -4.0676827621494438E-01  1.3642215288425541E-01 -1.0492743203947255E-01   -3.3232490042776319E-01 -7.3489640601272221E-02  2.2769639886113713E-01 
000111   9.7656250000000000E-04   -1.5833754351006235E+00  3.7754437644155292E-01  1.0740193304879522E+00   -3.6959187204238089E-02 -1.7944232882118186E-01  1.1260119382499328E-01 
000112   9.7656250000000000E-04   -1.9168297793665923E-01  4.4361915614584890E-01 -3.9186222908732699E-01   -3.3573165393276461E-01 -1.7413047761769040E-01 -8.6297553890324230E-01 
000113   9.7656250000000000E-04    1.8920535949199313E-01  5.2491401368415491E-01  1.6066869835973266E-01   -2.4159625967092153E-02 -8.7400289755084914E-01  1.8734285800483036E-01 
000114   9.7656250000000000E-04    1.9399227000214320E-01  2.1091943610001752E-02 -2.2969702177685508E-01    3.3400670678010796E-01  2.4955294196951985E-01 -3.6587998068253691E-02 
000115   9.7656250000000000E-04   -8.2854046841075224E-02  4.5775174217432386E-02 -5.0388075847410052E-01   -1.7222968810260719E-01  4.4614972317072954E-02  3.2567651032421485E-01 
000116   9.7656250000000000E-04    1.9041676643825872E-01  5.5451877216233492E-01  2.5803525924482384E-01   -7.3904811503966472E-01  8.7105427535646052E-01  4.6056126026561478E-02 
000117   9.7656250000000000E-04    5.5661279973699185E-01 -2.1072604465509670E-01  1.0702018527767801E-01   -1.9872968665083224E-01  1.3296770528383831E-01  3.3489917970141958E-01 
000118   9.7656250000000000E-04   -2.6052867138809493E-01 -2.5088007356234049E-01  4.9192155789970260E-01   -1.3119117060288465E-01 -5.2979543324627765E-01 -3.3931418828723009E-01 
000119   9.7656250000000000E-04    5.4855786472279566E-01 -1.7884696607699543E-01  7.4212381445811715E-01   -4.3390972009482109E-01 -3.1762438010659511E-01 -7.1305652552142744E-03 
000120   9.7656250000000000E-04    1.4477408961403349E-01  1.3409785057866749E-01 -5.8880649601724434E-02   -4.7213306954305034E-01  5.7564701203106328E-01 -1.7213296549075142E-02 
000121   9.7656250000000000E-04   -1.5831626971473221E+00  2.0390275086004611E-01  6.5262406882263735E-01    3.5683900960672504E-01  1.7140035475783771E-02 -2.1952905056741867E-01 
000122   9.7656250000000000E-04   -5.1590772795977524E-01 -4.5068114988120744E-01  4.9831561063577154E-02   -7.9398895507811262E-02 -7.9111704186713705E-01 -6.7155195226758543E-02 
000123   9.7656250000000000E-04    9.4178593549466824E-02  1.2577753404041372E+00 -1.1307802144267598E+00   -2.9013427859163604E-01 -2.4408875713733603E-02 -3.5880129080867146E-01 
000124   9.7656250000000000E-04    1.8766773335103332E-01  6.4508507240795723E-02 -4.7462765791422934E-01    1.7700229316606925E-01 -7.4146089303929338E-02 -4.9848783108976935E-01 
000125   9.7656250000000000E-04    2.2990087580496466E-01 -1.1316114382397627E-01  1.9728594375391120E-01   -3.9683675230012615E-02  8.3794506745871711E-01 -1.5909962711494938E-01 
000126   9.7656250000000000E-04   -7.5308987262802107E-02 -8.2512587032744569E-02  9.8640993439696167E-01   -8.0000907197110693E-01 -1.3777762645594824E-01  9.8260590189216804E-02 
000127   9.7656250000000000E-04    8.1281613550308537E-02 -1.8485538255557046E-01 -5.4822487855068913E-01   -2.6215698723412439E-01 -6.8110191394916453E-01  2.9618350635958068E-01 
000128   9.7656250000000000E-04    5.9995098316092427E-02 -1.6247066060163329E-01  1.5445555846961462E-01    5.2636262832352498E-01 -1.5651010592663861E-01  1.7341736297605526E-01 
000129   9.7656250000000000E-04   -1.1725977464164365E+00 -5.7423209968550504E-01 -2.4620962501782739E-01   -5.4915264255470142E-01  8.5201579344549444E-02 -8.8928569753295023E-02 
000130   9.7656250000000000E-04    1.5818483015480322E-01 -1.0400982964732669E-01  4.3531415150444769E-01    1.1046452329402239E+00  2.7952632663481641E-01 -1.3636117149614474E-01 
000131   9.7656250000000000E-04   -3.2322631616523961E-01 -2.8398369682009356E-01  1.7962843623080335E-01   -2.8307696607280675E-01 -3.0133883581746385E-01 -1.2396900642665141E+00 
000132   9.7656250000000000E-04   -1.0408265810372169E-01  6.1846666460538224E-01  6.3706651457700159E-02   -2.3484685521814574E-01  5.3162443459851305E-01 -5.8180875445055469E-01 
000133   9.7656250000000000E-04    5.5092176823521954E-01 -1.2128040176779653E-01 -3.0275082766001560E-01    1.8618757911327549E-01 -2.1288605111183141E-03 -9.8944191932607492E-02 
000134   9.7656250000000000E-04   -1.1714867757886774E-01 -1.0067327252412614E-01  1.6297384537563858E-01    4.7448145688382859E-01 -2.0832877786865495E-01  1.6956035176617615E-01 
000135   9.7656250000000000E-04    1.3729499898422531E-01  5.2710759081459690E-01 -3.7526565884424812E-01   -2.6605294128140911E-01  3.9049154527830743E-01 -2.3551621558683281E-01 
000136   9.7656250000000000E-04    5.1966135883859413E-02 -2.9655508886336118E-01  8.3412955064871241E-01    1.1464528805462047E-01 -8.3061508914013080E-02  3.8364297412841292E-01 
000137   9.7656250000000000E-04   -2.3613067453851100E-01 -1.2227984436037279E-01  2.7525480080545089E-01    7.7283826570576708E-01 -1.6322541419510106E-01 -5.1922802669428503E-02 
000138   9.7656250000000000E-04   -9.9944991226118884E-02  4.4233487061033333E-01 -5.1280695347366034E-01    4.8562427625654214E-01 -3.1438281879847108E-01  4.3678433651041143E-01 
000139   9.7656250000000000E-04   -6.5938195267405547E-02  1.7718766467278715E-01  4.9109600593961363E-02   -5.7860508936760613E-01  1.1884519215601219E+00 -2.9174293327064477E-01 
000140   9.7656250000000000E-04   -3.0524302220348326E-01 -2.2517732842371888E-01  7.6135177422291228E-02    6.5060603090245939E-01  5.8628936813848120E-01 -1.1008830291977502E-01 
000141   9.7656250000000000E-04    2.9679833466177441E-01 -4.1095120547498531E-01 -2.5825042199306358E-01   -3.3732714282484116E-02 -2.4719256217249411E-01  1.1437946148780731E-01 
000142   9.7656250000000000E-04   -3.0735835314861443E-01 -1.7650650380018246E-01 -1.3776738128671032E-01   -4.0773949298525181E-01 -2.5814592536000835E-01 -4.6412082043191183E-01 
000143   9.7656250000000000E-04    1.5314150546052469E-01 -1.3055101772842252E-02 -2.0611685750973419E-01    3.2052866604007590E-01 -6.8652660385181905E-02  5.1824063228946182E-01 
000144   9.7656250000000000E-04   -1.4301894129179979E+00  1.5105456175426482E+00  1.4703540331833882E+00    3.7965407901453385E-01  1.3998073684169551E-01 -3.0542647923918614E-01 
000145   9.7656250000000000E-04    3.7094614383302821E-01  8.3088167443309568E-01  2.6922276023676750E-01   -1.2465226487428978E-01  1.3864010394055212E-01 -2.8393943285866297E-01 
000146   9.7656250000000000E-04   -2.3381619932973163E-02 -1.7285924268565112E-01  3.5517241622441530E-03   -1.8280257633184210E-01  3.6049283465948473E-01  9.8266354250412039E-02 
000147   9.7656250000000000E-04   -2.2346783720469360E-01 -3.5508150580579445E-01  1.4800583755616964E-01    9.1638573549114244E-01 -1.8055223136971846E-01  4.4950544114270169E-01 
000148   9.7656250000000000E-04   -1.3500722356684738E+00 -6.8814371054767365E-01  5.4007710478092574E-01    1.1394295025333991E-01 -6.1597741266867612E-01 -5.1187167484109466E-02 
000149   9.7656250000000000E-04   -2.8260272742425313E-01 -4.8761267595973590E-01 -5.4678613695285327E-01   -2.8558648515670232E-01 -1.6520248441836063E-01 -2.6984088656644184E-01 
000150   9.7656250000000000E-04    4.7262861476029733E-01 -2.8988547640077950E-01 -1.3895650724434164E-01    3.1955784803907034E-01 -8.3290910139001542E-02  5.4026763250335996E-01 
000151   9.7656250000000000E-04    1.2778539969014274E-01 -5.0203823838883421E-01 -8.1141221564494964E-02    3.2911927032752786E-01 -7.2331151986419129E-01  7.2449190834112964E-01 
000152   9.7656250000000000E-04   -1.8949432157443064E-01  1.1971487384895196E+00  8.3238161621542661E-01    4.0518863566909924E-01  5.0876920565792327E-01  1.1103505450682746E-01 
000153   9.7656250000000000E-04   -5.6458051955053068E-01  1.8258558933810257E-01  4.2308781049960414E-01    1.0164416541160184E-01 -3.0999163368472471E-01  8.1885269849936201E-02 
000154   9.7656250000000000E-04    4.2181240753788052E-01  5.1563123543746026E-01  2.7754502212500831E-01    4.9861007779323241E-01 -1.4634285061101443E-01 -5.8648672959738579E-01 
000155   9.7656250000000000E-04    1.6924012696710972E-01 -6.5638346513391099E-01  2.7672436900935349E-01    2.7531081111254796E-01  1.9595704010009204E-01  6.2053842020342964E-01 
000156   9.7656250000000000E-04   -5.5508989824118615E-01 -4.8031168003569817E-03  2.4892996731519082E-01    2.5297414848597632E-01  1.8240520457767986E-02 -1.0610759266687420E+00 
000157   9.7656250000000000E-04    6.1135516871553650E-02  1.5801045798860577E-01  3.9605516544097075E-01   -2.8064171482408189E-02 -2.3611354134592433E-01 -5.2554964274757976E-01 
000158   9.7656250000000000E-04    3.2932230570964965E-01 -3.0957708164716735E-01 -7.4231923690958407E-02   -8.1903466900898503E-01  6.0162351681760373E-02 -7.1656402944157194E-01 
000159   9.7656250000000000E-04   -1.0993231813276882E+00 -2.7072018356887312E-01  8.8044911084141830E-01   -2.1493521439417468E-01  1.3324504702602574E-01  3.3594121494939205E-01 
000160   9.7656250000000000E-04    4.8329459500879829E-01  7.0069244885566193E-02  6.8687508049565318E-02    2.4855131156138138E-01 -3.0165815406239144E-01  1.5567310102523557E-01 
000161   9.7656250000000000E-04   -1.8740340373708086E-01  2.3829969818684774E-01  4.0150970687659725E-03    3.8972192538167943E-01  7.0794235940171446E-01  8.9214736563526242E-01 
000162   9.7656250000000000E-04    2.8723465200794367E+00 -7.4472589836033373E-02  5.3037881327174363E-01    2.8668624405574084E-01 -2.3186017788618431E-02  2.1680032013608111E-01 
000163   9.7656250000000000E-04    2.3719744211183044E-02 -2.0653029212979160E-01 -8.4506083672873766E-02    3.7793765107530747E-01 -6.2296818665432019E-01 -3.4470574010496846E-01 
000164   9.7656250000000000E-04   -7.0023650121145295E-02  2.1573124363957946E-01 -1.3929590847121995E-01   -3.4831891088554873E-01 -4.4922174136608206E-01  2.9885619816871706E-01 
000165   9.7656250000000000E-04   -7.3315501315186749E-01  4.8859796262407683E-02 -8.8804987390448037E-02    2.9875779985502621E-01  4.8299073208446014E-01 -4.8636529518111332E-01 
000166   9.7656250000000000E-04   -1.9087100116149830E-01  2.3769946180177248E-01 -5.1405141002604715E-01   -4.6227415083882895E-02 -4.0902132362272969E-01  1.4479627517997573E-01 
000167   9.7656250000000000E-04   -2.9877959302146317E-01 -7.9500436341215563E-01 -7.5123655628030646E-03    7.6889399197729447E-01  4.5169343350372787E-01 -3.0471842576502883E-02 
000168   9.7656250000000000E-04    1.1698071109586215E-01 -7.9019796175730475E-02  1.5171046674511368E-01   -1.3685376239525987E-01  2.1103145951602648E-02  1.2577420891806959E-01 
000169   9.7656250000000000E-04    2.8323474920291658E-01  4.1278751036539751E-01  7.4344950330450979E-02    2.8896427153674203E-01  1.0918074147694521E+00 -3.0397748281927095E-01 
000170   9.7656250000000000E-04   -2.8664359690876368E-01  2.4851086349419171E-01  3.9676321790892394E-02   -8.1320139798297005E-03 -6.9796025083279345E-01 -3.3938726442917788E-01 
000171   9.7656250000000000E-04   -6.0148888165054060E-01  1.2647714743089203E-01  1.2649994661390445E+00    3.0116410681250971E-01 -6.1854655472320344E-02  2.4114720706621509E-01 
000172   9.7656250000000000E-04    1.0693980270504728E+00  3.4505258185906823E-01 -4.6720359315832849E-01   -4.4993649477149311E-01 -1.3041241543688542E-01 -8.0485483586617945E-02 
000173   9.7656250000000000E-04    1.5116856675426991E+00  3.1327259577629842E+00 -6.1181605976364628E-01    3.4107374293599663E-01  9.7412216880978966E-02  3.2406412641220633E-01 
000174   9.7656250000000000E-04    5.7468369082125159E-02 -2.5044321850193352E-01 -3.6805179354881234E-01    2.2284206592776018E-01 -2.6316016055487335E-01  3.3210390176699622E-01 
000175   9.7656250000000000E-04   -4.7819246306863594E-01 -2.7188602340604279E-01  6.5916182521000577E-01    2.2084912357339959E-01  2.5012286498234243E-01  5.1646752591473125E-02 
000176   9.7656250000000000E-04    2.0197975197844398E-01  1.7339743247228293E-01  1.2313444857889372E-01   -4.5944111586246361E-01  1.2123298502020827E-01  8.6310762748495987E-02 
000177   9.7656250000000000E-04    2.8158783538311422E-01  2.6341930427279558E-01  5.7320342581122974E-01   -3.8110766101474997E-01  2.9571672292282469E-01  6.3996769191653169E-01 
000178   9.7656250000000000E-04    1.1072979363118050E-01  2.5868081481552691E-02  1.3723696606311342E-01   -3.6919462554489596E-01  2.7659008662478968E-01  8.0946911105892611E-02 
000179   9.7656250000000000E-04   -7.0471898767152663E-01  8.4207142232067850E-02 -3.3042397350026215E-01    8.7377521215646473E-02  5.5255072449007470E-01 -9.8424576819491538E-01 
000180   9.7656250000000000E-04   -2.0122389482425196E-01  2.9337442402146058E-01  7.6366281941094638E-01    1.2451002676076554E-01 -7.1675018201697183E-01  4.6434310000261145E-02 
000181   9.7656250000000000E-04   -3.5359567536104441E-01  6.1671950007021492E-01  1.2477515262775959E-01   -1.3671694772443249E-01 -1.6308261983939829E-01  2.4675229892477504E-01 
000182   9.7656250000000000E-04    3.5795859134098923E-01  4.2384183850437079E-01 -6.0973428451728828E-01    8.1195144520502097E-02 -1.7712970823632654E-01 -3.2686837349938358E-01 
000183   9.7656250000000000E-04   -6.6366167707931759E-02 -1.6210436602381199E-02  3.2801685903305194E-01   -2.3651512346353409E-01 -4.0380815428130334E-01 -3.2802260762323748E-01 
000184   9.7656250000000000E-04    1.6365580339161745E-02  1.0568606171950751E-01  2.2758558286575287E-01    8.9642178134415917E-01  3.4759550022742330E-01  1.7709474270723774E-01 
000185   9.7656250000000000E-04    3.2074637047116789E-01 -1.8007660699567372E+00  5.2717289892020402E-01   -3.0674554931577822E-02 -3.8985859504721743E-01 -4.4694981095378222E-01 
000186   9.7656250000000000E-04   -4.3604304583075354E-01 -2.3408424056863289E-01  8.3055350852790172E-02   -2.9486409222253505E-02  2.8457462292387359E-01 -5.1611168669562579E-01 
000187   9.7656250000000000E-04   -1.2625192742244795E-01  3.4055986975901276E-01  7.0286640319297777E-01    2.7858060452667333E-01  2.4600834082397445E-02 -2.1995565663313871E-01 
000188   9.7656250000000000E-04    7.6836802560868014E-02  8.6095682504063811E-02 -1.5586923914314496E-01    6.7209850062236598E-01 -2.1041342461659165E-01 -6.8772380674015865E-01 
000189   9.7656250000000000E-04   -5.4301155792361855E-01  1.1359323720003345E+00 -6.0081697290289349E-01   -3.0429585462506165E-01  1.8325847403890308E-01 -5.4068541148707572E-01 
000190   9.7656250000000000E-04    3.4233343559689433E-02 -1.1808361261017447E-01  1.8675265079220138E-01   -9.4496564988611109E-01 -6.2556585083132987E-01 -9.7003948456718128E-02 
000191   9.7656250000000000E-04   -3.7767645862806382E-01 -3.5366899969016041E-01  1.2926066291838665E+00   -1.3097635084742881E-01  2.4718722589541850E-01 -1.6194524424651116E-01 
000192   9.7656250000000000E-04    2.8484045228621291E-01 -2.8496466050328795E-01  6.8060527911286778E-02   -4.4239762205245448E-02 -1.9671857644871532E-01  3.9670738341341899E-01 
000193   9.7656250000000000E-04   -5.5717433603817967E-01 -1.3295036817279415E-01  3.9143588694906367E-01   -6.2270096323915414E-01 -1.3814706325576576E-01  3.0032483624276518E-01 
000194   9.7656250000000000E-04   -5.5056146441757958E-01  3.4206748874569270E-01  2.4940072057513424E-01    7.3794310852692935E-01  1.9545556003801676E-02  6.9826645664537457E-01 
000195   9.7656250000000000E-04    6.5423387389501098E-01 -6.0076079674708749E-01 -1.6301321968700558E-01    3.9770808684187847E-01 -4.2082813647488365E-01 -7.6822693993576152E-01 
000196   9.7656250000000000E-04    6.2619564644393566E-01 -3.3002312183412497E-01  4.8053855728690270E-01    2.5586032038869405E-01 -3.2123575480901440E-01 -1.2025838813453255E-01 
000197   9.7656250000000000E-04   -7.7728825200979179E-02  3.4542260388046331E-01 -5.9810742656411398E-01    2.8694040833388779E-01  7.8148159364861067E-03 -5.4955811856902081E-01 
000198   9.7656250000000000E-04    4.8956258771576158E+00 -4.6900482782199928E+00 -3.5850049278762025E-01   -2.9383430464430343E-02 -2.1160760959296657E-01 -6.5336158802044419E-03 
000199   9.7656250000000000E-04   -1.0033147335327588E+00 -3.4870773447829712E-01 -2.4901383121770199E-01   -1.2037051595351943E-01 -4.2872365315447220E-01 -8.8304308197282785E-05 
000200   9.7656250000000000E-04   -7.3681765823097733E-01  1.1898874748744879E+00 -1.0293144369373911E-01   -4.5654535710109967E-02  3.3426039185250173E-01 -3.9843710914926042E-02 
000201   9.7656250000000000E-04    4.9202316073425803E-02  2.0198502501534654E-01  3.5104636983035742E-01    1.0143504442104645E+00 -1.4766372723090535E-01 -2.3584150112193061E-01 
000202   9.7656250000000000E-04   -1.1676243338304158E-01 -8.2063264393840360E-02  1.7128029850585377E-01   -2.4384536308195781E-01 -9.8027614375761418E-01  4.4509595109770145E-01 
000203   9.7656250000000000E-04    1.5290704799919763E+00 -1.1973377859703518E+00 -3.1738590463136440E-01   -1.9968806140683015E-01  2.4767799238115118E-04  3.5287121566533924E-01 
000204   9.7656250000000000E-04   -1.2517411070553486E-01  6.0705727297971052E-02 -1.4249117622287247E-01   -2.4791078637763092E-01 -4.8807785369255046E-03 -6.9805493753650905E-01 
000205   9.7656250000000000E-04    1.3162631595757546E-01  3.0673829442824102E-01 -2.0677288169335378E-01   -2.4823547265444978E-01  4.6773456472830426E-02 -1.8857745039979446E-01 
000206   9.7656250000000000E-04   -5.6336008024429607E-01  5.8897778632555986E-01  3.0154988868006511E-02   -2.1701841441172165E-01  1.6149311188441531E-01 -6.0539591284778871E-01 
000207   9.7656250000000000E-04    2.2003953348384325E-01 -5.9689486892857080E-01 -9.8082520399964268E-01   -5.0505043813712694E-02  4.4903709496191396E-01  3.6684247229888706E-01 
000208   9.7656250000000000E-04   -2.1385954443213434E-01 -3.1504905360246444E-01  4.7558830291723619E-01   -1.0683954597209522E-01  1.8890083247838046E-01 -2.1588140125780175E-01 
000209   9.7656250000000000E-04    6.1317999550863062E-02  1.5228759124229507E-01  4.4549751513097979E-01    1.0001971487201113E+00  2.1834109693931302E-03 -2.0215890772806272E-01 
000210   9.7656250000000000E-04   -1.9997557631803096E+00  6.0320156910428480E-01 -1.0325611238179980E-01    8.7276016487697589E-02  3.7995886175982202E-01  7.3128827182571951E-02 
000211   9.7656250000000000E-04   -1.5538957010619996E+00 -7.7505213387655891E-01 -5.9196904413681661E-01   -4.3604693947125761E-01  3.6727746938046250E-02 -5.0089767993214754E-02 
000212   9.7656250000000000E-04   -2.0567655865557544E-01 -1.2549186639327534E+00 -1.6263482696398122E+00   -3.8954624905649127E-01 -8.8443917610243436E-02 -1.2504314029799979E-01 
000213   9.7656250000000000E-04   -2.6587199820463869E-01  1.3068284445590284E-01 -5.0509585041704101E-02    9.4348512035579635E-01  3.9336560490923805E-01 -2.4915694525433008E-01 
000214   9.7656250000000000E-04   -3.0854102799788592E+00  8.8722487925757476E-01 -2.1056767512344057E-01    3.0998924479531866E-03  5.3548147187958095E-01 -1.1216859066690135E-01 
000215   9.7656250000000000E-04   -1.6447534398602495E-01 -2.7095534483314454E-01 -6.2718751916311422E-01   -4.3636772716626621E-01  3.7099585056781714E-01  4.5131457424047483E-01 
000216   9.7656250000000000E-04   -2.1116477080075929E-01  3.2937012950028660E-01 -5.1678705913415746E-01    5.1665589779381138E-01  1.4477451559451623E-01 -3.5264226951164912E-01 
000217   9.7656250000000000E-04   -8.7712236946836031E-01 -1.5438281651282162E+00 -1.5330952382681280E+00    2.6701722986213411E-01 -6.3939809016223592E-02 -1.6743561807188900E-01 
000218   9.7656250000000000E-04   -7.2446121285156351E-01  7.3626383587124825E-02 -2.9446793569197627E-01    4.7284893237862163E-01  5.3760432093876862E-02 -4.1105619236161967E-01 
000219   9.7656250000000000E-04    1.5188744700966175E+00 -3.4272154817936468E-01  7.7385804096411570E-01   -3.2543417592472007E-03 -5.5718492996870339E-01  3.9170557631528644E-02 
000220   9.7656250000000000E-04   -2.1182686969942599E-01 -2.2780918840136063E-01 -2.6943472874804186E-01   -5.0029683599388308E-02  3.3448588218189373E-01  7.6969925235484760E-01 
000221   9.7656250000000000E-04    1.0792553812229629E-01  1.7042271298150852E-01 -4.6280377446737381E-01    7.2681439304517170E-01 -1.9408542787694313E-02  4.2088805836619309E-01 
000222   9.7656250000000000E-04    4.7345871586556393E-01 -2.6791890640966548E-01 -3.0422081736353196E-01   -8.7275094053825641E-01 -7.2800736517880227E-01 -6.3436472918538309E-02 
000223   9.7656250000000000E-04    2.3487710351416324E-01 -1.9669302862630278E-01  1.0300472240938011E-01   -2.6839714180269003E-01 -6.3056615373658909E-01  1.6968745102152877E-01 
000224   9.7656250000000000E-04    5.2407257578577726E-01 -5.5226709126153795E-02 -1.8803488415128128E-01   -3.8144462709125626E-01  2.8894254903801564E-01  5.9017567180896291E-01 
000225   9.7656250000000000E-04    7.5034746653332429E-03  7.1295534767022217E-02  1.8988131390660351E-01   -2.6275143777438437E-01  5.2069236966592214E-01  1.0117226429005994E+00 
000226   9.7656250000000000E-04   -5.3477622578336514E-01  1.9532670894243737E-01  1.6795626402033306E-01    2.9301059676417324E-01 -3.9343557386550193E-01  2.2048086118947438E-01 
000227   9.7656250000000000E-04   -5.5257409409304334E-02  8.3964736350704328E-01  1.7818208795638354E-01    2.9695461922882971E-01  7.2191110905589717E-01  2.4935454845499153E-01 
000228   9.7656250000000000E-04   -3.0183262101507680E-02  3.9214807405540697E-01  1.6988216621324814E-01    7.7434413537686086E-01 -2.7563033932595077E-01  2.9290428336587010E-01 
000229   9.7656250000000000E-04   -3.7810253794480428E-03  7.2987190712711847E-01 -2.1950435105849919E-01   -6.1226929790832529E-01  5.2136061877944251E-01  8.9072998635037182E-01 
000230   9.7656250000000000E-04   -3.1201260565651057E-01 -5.0479203173845011E-01 -3.5395521159837545E-01   -2.0784920423508874E-01 -3.6825682482446241E-02  3.4728810838988733E-01 
000231   9.7656250000000000E-04    1.3404224571120749E+00 -1.3976050821106789E+00 -1.0336719043753981E-01    2.4508945726266573E-01 -1.0200656654314004E-01  6.3935653111113877E-02 
000232   9.7656250000000000E-04    4.1332797141998306E-01  1.0651254987074806E-01  3.8072422340231321E-01   -4.9808417493766272E-02  7.7419129267089581E-01  4.1737426920631329E-02 
000233   9.7656250000000000E-04   -4.4940328661731238E-01 -1.6256538936283246E-01 -2.3943690989139521E-01    4.2083498496926763E-01 -3.7643693121549177E-01  4.2167227465042090E-02 
000234   9.7656250000000000E-04   -3.9150907246731825E-01 -1.6800483307197836E-01 -9.3225872098214174E-03    1.2168056413493203E-01  5.7918345835457663E-01  7.0860348319434019E-01 
000235   9.7656250000000000E-04   -4.4068469363315255E-01  2.5614636461909690E-01  8.7357510433601027E-01    4.6945587564395286E-01 -4.7968734933157442E-01 -7.0765603582204684E-02 
000236   9.7656250000000000E-04    1.7961478574833339E-01  1.3096924454524203E-01 -3.8777947777188171E-01    6.4541454223526768E-03 -4.1814174745960436E-01 -1.4759524439352709E-01 
000237   9.7656250000000000E-04   -6.4393294845319560E-01  2.9790245792981132E-02 -9.0706021734078135E-01   -5.3048274794898459E-02 -2.4139550945246899E-01 -1.9133135750499422E-01 
000238   9.7656250000000000E-04   -4.7739291257894785E-02  1.9131414650703726E-01 -3.1743637896471999E-01   -1.0276767386063082E-01  6.4565981625327717E-01  1.0577232024901790E+00 
000239   9.7656250000000000E-04   -5.9904101756103700E-01  2.2505545353890662E-02  4.5235241743887566E-01    3.4829501797424572E-01 -7.4850212905874980E-01  9.2635261078077513E-02 
000240   9.7656250000000000E-04    4.4763778077837119E-01  3.6800757744816492E-01  6.3349298661226220E-03   -8.5984540682721622E-01  1.6576521941329991E-01 -8.3429954240261095E-01 
000241   9.7656250000000000E-04   -1.0656306350520031E-01 -2.3928050427699030E-01  1.0356440677665701E-01   -5.9470668810658700E-01 -7.1332149440570848E-04  7.6757493537043420E-02 
000242   9.7656250000000000E-04   -4.4312144127838821E-02  2.7672257245610848E-01 -7.6618009049041508E-02    1.9929078427445690E-01 -5.8393891464297210E-01 -3.0606693886859236E-02 
000243   9.7656250000000000E-04    3.7527724614287916E-01 -4.8255388832377955E-01  2.4000539405351460E+00    2.8151029317510406E-01 -2.5536670446763232E-01  7.4625339435095528E-02 
000244   9.7656250000000000E-04   -5.6553320230501614E-01  5.0388123559190123E-01 -4.3044353054133366E-01   -8.5413485597188699E-01  1.6887266607688509E-01 -7.5068179239961591E-02 
000245   9.7656250000000000E-04    9.2535024333288696E-03 -1.5650691192611324E-01 -3.5745599732394231E-02   -1.1872631814079752E-01 -5.7184524144109194E-01 -6.1440207715791939E-01 
000246   9.7656250000000000E-04    5.1128664072395413E-03  6.0680339789732474E-01 -9.9679463822862413E-02    1.6708981969471448E-01  3.4169471166845228E-01 -1.4257532811711321E-01 
000247   9.7656250000000000E-04   -6.8247478104974479E-01 -2.8654292994935698E-01  1.5966882644889957E-01    4.3165347341807619E-01 -2.7028591460744522E-01 -7.4431222084452409E-02 
000248   9.7656250000000000E-04    1.0199428605215750E-01 -4.1535258055976465E-02  4.5018793119546208E-01   -4.2070225331613953E-01  7.4644379576438225E-01  8.4318161193380281E-01 
000249   9.7656250000000000E-04    2.0014135450462134E-01 -3.3511248488312717E-01  2.0225361178772380E-01   -2.8826818867063775E-01 -7.4886652697008627E-01 -4.8023991824690984E-02 
000250   9.7656250000000000E-04   -1.2689635642521313E-01  7.7407155271270778E-01 -1.1520791117317306E+00   -2.0600585537977256E-01  7.5403204504077490E-02  4.1502265986794173E-01 
000251   9.7656250000000000E-04   -1.8432753772391475E-01  3.7328636231213091E-01 -5.8657844153318361E-01    6.3489155283547177E-02 -3.5563781163695143E-02  9.8829241525185282E-02 
000252   9.7656250000000000E-04    7.5314242312159863E-01  1.2811130200986651E-01  1.1072018074732886E+00   -4.4389183110570846E-01  3.2310083309345899E-01  7.2409299773665045E-02 
000253   9.7656250000000000E-04   -1.5343014365576724E-01  1.5700673106762926E+00 -1.0115640906160800E-01    4.1667869359495113E-01 -1.5974844010129294E-01 -1.7432176930973528E-01 
000254   9.7656250000000000E-04   -4.0162957406776156E-01  3.2091142787326082E-01  4.9424075867934353E-01    4.2538368019701361E-01  3.1899968151698488E-01 -4.2235271898840104E-02 
000255   9.7656250000000000E-04    2.8700443784860991E-01  7.3776116157925797E-01 -9.4467016592966829E-02   -4.1596780851385523E-01  2.6634114217922611E-01  2.4118912582972862E-01 
000256   9.7656250000000000E-04   -1.0764322443180499E-01 -6.5302739220921968E-01 -1.7826814778703315E-01    4.9764209790280151E-01 -3.3954786795744840E-01  1.2801938856672596E-01 
000257   9.7656250000000000E-04   -1.2589771878909467E-01  1.9921504303547563E-01 -1.3877266781796194E-01    5.9986342120418278E-02  9.2328623115186004E-01 -4.2024133064541030E-01 
000258   9.7656250000000000E-04   -2.7517342090316521E-01  2.3256005987761164E-01  3.5859695879085185E-01    4.8599254342884174E-01  6.4013907402602144E-01 -6.4178558487384652E-01 
000259   9.7656250000000000E-04   -2.4323140679319805E-01 -7.6971495061816841E-01  2.9309581999069917E-01   -3.8095175996289546E-02  8.7361473670211250E-03  4.6550086509983699E-02 
000260   9.7656250000000000E-04    5.1083236570994961E-01 -2.7538458679804406E-01 -7.8428695238081314E-01    6.0776005362800523E-01 -2.4586728307572223E-01  6.1907086889859009E-01 
000261   9.7656250000000000E-04   -3.7083521612507475E-01  7.8455922922707300E-01  4.3375970148578080E-01    2.2278574119584943E-01  5.7409666468024700E-02  3.2966677286874024E-01 
000262   9.7656250000000000E-04    2.0545773251670563E-01  1.1728412188049399E-01  3.2111025830522927E-01    7.8193143390341169E-02  5.2937587283958332E-01 -2.4277225565071642E-01 
000263   9.7656250000000000E-04   -6.6773450320982553E-01 -2.9921238770367689E-03 -6.0514021781657379E-01   -5.0475991437939138E-01 -3.6255730171505927E-02 -1.1539795469756491E-01 
000264   9.7656250000000000E-04   -2.3570281428303058E-02  1.6740906424096433E-01  3.3432027340716353E-01    4.9488208439037995E-01  3.7592728004925569E-01  6.1080038014396654E-01 
000265   9.7656250000000000E-04   -3.5666036901477266E-01  6.8508390528667362E-01  8.1405479523863761E-02    2.4755003941734046E-02 -3.7862902866918263E-01  9.0260245950658902E-01 
000266   9.7656250000000000E-04    4.5186860409490831E-01 -4.2890285378411719E-01  4.3970154301876901E-01   -1.6599119911167370E-01  8.1109172638746352E-01 -5.1309293384183066E-02 
000267   9.7656250000000000E-04    4.7990951906415374E-01  7.0758491051618444E-01  1.2573522198466132E+00    2.6503402853487190E-01 -1.2803772543226619E-01  1.9953771137892953E-01 
000268   9.7656250000000000E-04    7.4116589486873306E+00 -1.7180104651182080E+00  2.5712727343279753E+00   -7.1269663806831252E-02 -1.0395952680543806E-01 -1.5063454791948139E-01 
000269   9.7656250000000000E-04    7.2837206248297939E-02  9.0174604256631297E-01  1.3796852633821508E-01   -3.8215350597529729E-01 -7.0853758374275067E-01  4.1250751957276610E-01 
000270   9.7656250000000000E-04    3.0880907448576889E-01 -3.8050927852107896E-01  3.5451468113516427E-01    1.0542122511294125E-01  3.0938931759082977E-01  2.1497315490849955E-01 
000271   9.7656250000000000E-04   -6.7571391417743418E-02  2.6133910261783150E-02 -1.6490599398807246E-01    4.8348857885706065E-01  4.2564513209986876E-01 -4.2974068851381031E-01 
000272   9.7656250000000000E-04   -1.1584459739134609E-01 -1.3228363453294351E-01  3.7038742763125125E-02    3.3959835399207849E-01  5.6589635829804819E-01 -5.1017304856154211E-01 
000273   9.7656250000000000E-04    1.3261652407506286E-01  5.6169971260203400E-02  1.1007953023247403E+00    9.2766575881882973E-02  4.5141482791656945E-01 -5.3857748861301791E-02 
000274   9.7656250000000000E-04   -5.8080083601713706E-01  2.6584545503662965E-01 -1.1236439611241960E+00    1.3982278411715976E-01 -3.6248988783553554E-01 -3.3935128251280450E-01 
000275   9.7656250000000000E-04   -3.0467534822757547E-01 -1.0798362316541993E-01 -1.6443086452625977E+00   -3.1768512179443043E-01 -3.4680477225840023E-01  2.8184194126893453E-02 
000276   9.7656250000000000E-04   -3.8832630899461601E-01 -4.5448936046882271E-01  4.5986374424153993E-02   -1.3700925153666732E-01 -4.9185004479658567E-01 -3.0250552935158787E-01 
000277   9.7656250000000000E-04   -7.7480451298910721E-02  6.9279538572566068E-01  4.2377868579646549E-01    8.4260246763005947E-02  1.3524156671258247E-01 -2.5744535967565452E-01 
000278   9.7656250000000000E-04    8.1514067350250319E-01 -1.6300340022202316E-02  2.7140240973496255E-01    1.4337274455901178E-01 -7.0763479104379110E-03 -5.2929146978023356E-01 
000279   9.7656250000000000E-04   -4.7008885223549332E-02  2.3591380970333340E-02 -3.6219625832839653E-01    6.4883356301317008E-01 -4.1294965427226944E-02  8.7160597023209740E-01 
000280   9.7656250000000000E-04   -8.3290659232705633E-01  7.9838050501219593E-01 -6.1590861146181108E-01   -1.1596597814310107E-01 -5.9025441491984165E-01  6.1464703634921114E-01 
000281   9.7656250000000000E-04   -5.0140342425964246E-01 -5.8523632786319446E-01  3.2180673250184383E-01   -4.9757042683533384E-02  4.0251633857267088E-01 -1.6119352621593594E-01 
000282   9.7656250000000000E-04   -9.7506085183666852E-02  5.8420781145228506E-01 -2.0295706844730738E-01   -1.3237497966058670E-01  6.6311236790642408E-02 -2.2146709860308800E-01 
000283   9.7656250000000000E-04    4.9118501091273400E-02  2.9708377774466682E-01 -3.4741513168292470E-01   -2.0086648560512199E-01 -3.8362460194677295E-01  3.1160722819300524E-01 
000284   9.7656250000000000E-04    9.6911763173873053E-02  5.2545314437067003E-01 -8.4454724763507683E-01    1.7489949651519232E-01 -5.2582447945162558E-01  5.1820110448296275E-01 
000285   9.7656250000000000E-04    2.0917530231549381E-01  4.4625693013883672E-01  7.8305202103911231E-02    1.0075107569764065E-01 -5.0299124229782366E-01 -1.0920215461046229E-01 
000286   9.7656250000000000E-04    4.9124964051109904E-01 -1.0549217073019387E-01  3.2824218407058535E-02    7.6684131898324737E-02  5.7934715731043418E-02 -8.1412183209056888E-01 
000287   9.7656250000000000E-04    3.5066661559009893E-01 -2.7422735877427928E-01  4.9820995626133896E-01    2.6844530257261362E-01 -2.2588284092624072E-01 -2.4618005184722830E-01 
000288   9.7656250000000000E-04   -2.2492554648869223E-01  2.1761251988929259E-01  3.0648030697780210E-01   -8.6278496376106587E-03  3.8164010742689347E-01 -1.9621362173093110E-01 
000289   9.7656250000000000E-04    4.1164380354194163E-01  1.5515292785945540E+00 -2.3758860754750195E+00    1.5105889398765765E-01 -5.1643731690499670E-02 -8.3150702085713277E-02 
000290   9.7656250000000000E-04   -9.7800725544676792E-01 -7.6730508430354316E-01 -8.2367940650433169E-01   -3.3270672271849744E-01  8.3351600134312046E-02  1.2497286744730592E-01 
000291   9.7656250000000000E-04   -2.1793340193303274E+00 -2.7572744789839936E+00  5.0637776767429343E-01   -4.8163812513536602E-02  2.8066733099851732E-01 -4.0596521256201792E-02 
000292   9.7656250000000000E-04   -6.5665842056683665E-01  9.0181689442161928E-01  1.1633379458916282E-01    1.2567793562558499E-01  4.8908072052315482E-01  9.2262801979008574E-02 
000293   9.7656250000000000E-04    5.1952825786323376E-01 -2.0647024849021736E-01 -1.2812794511210290E-01    4.3670474469087517E-01 -1.4283679817838937E-01 -2.3226899151721248E-01 
000294   9.7656250000000000E-04   -3.1146223505163079E-01  4.1298607631140644E-01 -5.9250218826267642E-01    1.1144877773465409E-01 -4.4013333229121082E-01 -4.7988282549840849E-01 
000295   9.7656250000000000E-04    1.4344130967129920E-01  8.9105026651181385E-01 -7.1691901099818034E-01   -3.5447614507637830E-02 -3.1228931691395828E-01 -2.9752698709758107E-01 
000296   9.7656250000000000E-04    6.7095436513685991E-01  8.2534029069075657E-02  1.8130697643762045E-01    2.5243387735842122E-02 -1.8768814166807801E-01  4.6723653110593505E-01 
000297   9.7656250000000000E-04   -9.3835625599113470E-01  1.0119071905482595E+00  1.7234607809542465E-01    7.5675915977691821E-01  2.7382607829834793E-01  2.8384500035030968E-01 
000298   9.7656250000000000E-04    9.5366666095105723E-01 -6.0767164188210143E-01 -1.3927989510454050E-01   -8.1582918239830396E-02 -5.3130587270747598E-01 -2.9172306176473883E-01 
000299   9.7656250000000000E-04   -8.5070305694287385E-01 -2.3964677779276525E-01 -4.7101114819401402E-01   -1.1791738029762279E-01  1.8299020253802348E-01 -4.1158123448121453E-01 
000300   9.7656250000000000E-04   -1.8467702535310193E-01 -4.9532759323048414E-01 -3.4721985231771735E-01    3.3516394552677697E-01 -5.2285940302489620E-01  3.3623522440539000E-01 
000301   9.7656250000000000E-04   -2.3079299216822691E-01 -1.1322730884126425E-01  6.4019195197639045E-01    1.0243405029749471E-01 -1.3319900157894848E-01  1.3688657893277518E-02 
000302   9.7656250000000000E-04   -6.3113466247988304E-01  5.1914996476402919E-01  6.1863538593606227E-01    2.7456468308495341E-01  2.1103518324410356E-01 -2.9450213318672375E-01 
000303   9.7656250000000000E-04    8.8444491037707004E-02 -5.4609125413449908E-02 -1.0473890001814726E-01   -3.6347998210405258E-01  5.9609511567431062E-01  5.7086676956412219E-01 
000304   9.7656250000000000E-04    1.7981912891483351E+00 -5.5401947119709871E-01  1.4147389965923245E+00   -2.6353957987774412E-01 -5.1759324831362452E-01 -6.6125738144576979E-02 
000305   9.7656250000000000E-04   -6.1337871574785530E-01  1.9198777485950178E+00  4.8991898388352995E-01   -1.1079389651037867E-01 -6.3680404240963176E-02  1.9813615959205089E-01 
000306   9.7656250000000000E-04   -3.8838516445564980E-01 -2.8606374638360443E-01  3.5141525609038932E-01   -4.5470994176311902E-01 -1.9034768471397810E-02 -3.2350934550091151E-02 
000307   9.7656250000000000E-04   -6.4898877806338329E-01  1.7774339576763890E-01  2.9554282381283631E-01   -9.9551843975665952E-02 -2.6961696038203953E-01  2.1575431299737616E-01 
000308   9.7656250000000000E-04    1.2074244454159923E-01  2.0114418438751880E+00 -6.3674986236751485E-01    3.5188370732296625E-01 -3.9386085600320359E-01 -1.3570558678217154E-01 
000309   9.7656250000000000E-04    6.0356060994719385E-01  6.6281849486991429E-01  2.2819311048143301E-01   -3.9744109825108442E-01  7.9105229169315994E-01 -3.4774841150158803E-01 
000310   9.7656250000000000E-04   -7.1602489562281768E-01  2.1033576612698818E-01 -5.0014876054900337E-01   -2.6863436165739697E-02 -9.9236162344528825E-02 -2.0342123795637643E-01 
000311   9.7656250000000000E-04    8.3363947813718475E-01 -1.0067965845007931E-01  3.0061631948164219E-01    2.2003505067146911E-01  1.4589590009292255E-01  1.0519525793130707E-01 
000312   9.7656250000000000E-04   -1.5358061655669752E+00 -2.2224575497568129E+00 -1.1424293194300716E-01    3.6361847328778107E-01  2.1716666229044373E-01 -2.2461400563804041E-02 
000313   9.7656250000000000E-04    1.8595410607223778E-01  7.5975268105885996E-01 -2.1195073900357311E-01    6.7312841745776342E-01  7.0170885690400242E-01  1.4021164971644001E-02 
000314   9.7656250000000000E-04    4.8890368375392584E-01  2.2500132213841184E-01 -9.7666608589214859E-02    5.7648182056802877E-01  2.7210810537994991E-02  2.6592504741928530E-01 
000315   9.7656250000000000E-04   -1.8295319539078136E-01  4.6205214464535294E-01 -4.0004631384718214E-02    4.2303954508480401E-01 -3.9821562766037294E-02 -3.4207513807820222E-01 
000316   9.7656250000000000E-04   -1.5394187924577805E+00  5.0982778362765921E-02 -3.3218879216285058E+00    1.1688697151368767E-01  2.1898025443435251E-01 -2.8802217770679028E-01 
000317   9.7656250000000000E-04   -1.6621521747517681E-01 -1.5340001927448435E-01  3.2440378591304297E-01   -2.0406928747367575E-01  3.6877944871543189E-01  2.2279055915999696E-01 
000318   9.7656250000000000E-04   -1.0199415423051178E-01 -7.3302939193842909E-01  6.5501070494993818E-02    2.7427686836306434E-02 -6.4447422181849390E-01 -3.7989128500418279E-01 
000319   9.7656250000000000E-04    1.2039141052260373E-01  1.1833200170722212E-01  5.0393784003740238E-01    4.5243352849780039E-01  7.9023883451553512E-01 -6.3725727623358541E-01 
000320   9.7656250000000000E-04   -4.9081628004541578E-01  8.9078516365222959E-01 -2.5040063094273224E+00    3.1781705263265725E-01 -9.7152835164112786E-02 -4.1366296927523716E-01 
000321   9.7656250000000000E-04   -1.2893421432034624E+00 -2.8809959737748980E+00  9.4965749266925503E-01    6.4232865181432133E-02  3.7456317338704392E-01  4.1247551098818808E-02 
000322   9.7656250000000000E-04   -2.7868922847085975E-01  6.3461069063433750E-01  4.9108711793815478E-02    2.8758564162192224E-01 -7.6330026932629885E-02  7.5509060254256771E-02 
000323   9.7656250000000000E-04   -6.2459704788244669E-02 -1.7836195356768383E-01 -2.7975478287916522E-01    1.1821857158688699E-01  5.9984983139889736E-01 -4.4828013451245102E-01 
000324   9.7656250000000000E-04    3.7591642291559230E-01  1.1303252070318122E+00 -6.0086062484171332E-01   -1.6432937027151934E-01  3.5843438390439142E-01  6.3036262049663105E-01 
000325   9.7656250000000000E-04   -1.8104329024232646E-02 -7.2678357316038489E-01  6.5327113426933026E-01   -2.2001829544535784E-01 -7.7611370112944070E-02 -1.7688961028991393E-01 
000326   9.7656250000000000E-04   -3.0329657405448507E-01 -6.5219003454248425E-01 -3.5277372299440729E-01    4.2407059102887179E-01  1.0056807074625385E-01  4.4791615894112663E-01 
000327   9.7656250000000000E-04    8.7399121853524789E-02 -4.3129099010139405E-01  1.5952017434121776E-01    2.3858524763291372E-01  1.3885284239618512E-01 -5.3983884138364391E-01 
000328   9.7656250000000000E-04    9.2551773883383578E-02  2.5945859785104164E-01  3.6733609407663620E-01   -3.1224713577766927E-01  8.0132573916898642E-01  2.9569567229190802E-01 
000329   9.7656250000000000E-04   -5.7076513363746506E-01 -1.1861143544027061E-01 -7.6098504515644694E-01    4.0289749334529723E-01 -2.9468184873457437E-01 -2.7361895026620386E-01 
000330   9.7656250000000000E-04    1.0280761391413553E+00  1.9211563327822283E+00 -1.3997647960862609E+00    1.0012322238010070E-01 -1.5116408421607597E-01  1.5245390976515813E-01 
000331   9.7656250000000000E-04    7.8790407998458559E-02  3.9509355234855104E-01 -5.8686862890120761E-01   -9.4833212227435015E-02  6.3865704355445890E-02 -3.9175547456771243E-01 
000332   9.7656250000000000E-04    5.9458435251571198E-02 -1.4183327209921142E+00 -6.9071986014673292E-01    4.8682626381585220E-01 -1.6865251836344800E-01 -1.3056350360637894E-01 
000333   9.7656250000000000E-04    1.9952097468096543E+00 -1.0471131562868702E-01 -1.6140969106999341E+00    1.0374105062446379E-01 -5.8808527934409216E-01  3.1456618469114861E-01 
000334   9.7656250000000000E-04   -5.2180640542696299E-01  5.1302916194188052E-02  6.5472350874735763E-01    3.1304659234527749E-01 -7.3787692372416711E-02 -2.5884151744037998E-01 
000335   9.7656250000000000E-04   -6.6022076671404262E-01  1.2675565551083183E+00 -2.0254964805606317E+00   -7.8824735917314204E-02  3.8240087090862968E-01  4.8970653741588172E-01 
000336   9.7656250000000000E-04    1.2451073402386763E-01 -5.2641228198442980E-01 -3.7936759197174824E-01    2.8494048350994783E-01 -4.3138769158167106E-01 -1.0911118332296724E-01 
000337   9.7656250000000000E-04    7.8157899194791366E-02 -7.7057801715398611E-01  5.7767433110347077E-01   -3.7830301087045776E-01  4.9705260111771177E-01 -4.0576313110475387E-01 
000338   9.7656250000000000E-04    1.3372992605833509E-02  1.0875810964576235E-01  3.0915624146417930E-01    8.6330167488404475E-01 -5.9732744573475016E-01 -2.7223007581008829E-01 
000339   9.7656250000000000E-04    3.0191686513762428E-01 -4.4087381252557278E-01  8.6044839985442378E-02    3.4669739826432949E-01 -1.5445199426622648E-02  2.7120618225797627E-01 
000340   9.7656250000000000E-04   -2.2468186475937718E-01  9.5978498444820382E-01  4.7533261506723762E-01   -6.1799632504242183E-02  2.5712589319500379E-02  1.1649788110409627E-01 
000341   9.7656250000000000E-04   -4.3285354544449661E-01  9.7613113741454682E-01 -3.6858827378537823E-01   -1.0773034791873513E-01  1.5221768977339231E-01 -2.3932382742394437E-01 
000342   9.7656250000000000E-04    1.7023500799727442E-01  8.5251691964309886E-03  9.8605640570747188E-01   -5.4262253571332986E-01  4.3575335134616167E-01  9.5672351184923635E-02 
000343   9.7656250000000000E-04   -8.2842188516321946E-01 -3.5804770065662112E-01 -5.6327961172960073E-01    5.2956840115449377E-01 -2.7489338308350403E-01 -5.9868914655060923E-01 
000344   9.7656250000000000E-04    4.1788179132815556E-01  1.9915241923251007E-02 -6.9791080900934221E-01   -4.8330243622531466E-01 -1.9124207797763942E-01 -7.6919205168771310E-01 
000345   9.7656250000000000E-04   -6.1262865309655423E-01  1.2071247497198578E-01 -3.7055391601342524E-01    2.1788168146449222E-01  3.8506354899769152E-01 -7.9230726413490569E-04 
000346   9.7656250000000000E-04    1.0284646971761753E-01  4.1177147205680509E-01  4.7095442339883592E-01    1.8590021827258202E-01 -5.2596415238446048E-01 -7.6295685250056075E-02 
000347   9.7656250000000000E-04   -2.5614864463641213E-01 -7.6487213436007812E-02  1.6388634219759982E-01    7.2188646198783646E-01  3.9131358909509008E-02 -1.7519093699981106E-01 
000348   9.7656250000000000E-04    1.7960040341015793E-01 -1.2077499527247398E-01 -6.2525320445818633E-01    5.0661611547532770E-01 -3.1370177351246073E-02 -5.3795659380670047E-01 
000349   9.7656250000000000E-04   -6.0456215906994892E-01  4.3024811545125063E-01  8.1669435806886875E-02   -1.5776585264341397E-01 -2.3062800563974106E-01  5.0157468174511652E-02 
000350   9.7656250000000000E-04   -1.4916440211213206E-01 -1.0609009675919015E-01  7.3688462762759116E-02    4.6754525862469259E-01  2.4421607923184169E-01  5.2322916592377000E-01 
000351   9.7656250000000000E-04    5.9274015225438348E-01 -3.5347138049972010E-01  9.6198536428422721E-01   -5.1636704921353338E-01  3.6957081158866006E-01  2.2485205180174633E-01 
000352   9.7656250000000000E-04   -8.1726636766047495E-02  1.5407761181642265E-01 -5.2398000097705411E-01   -1.0759037227054172E-01 -4.0060045258745397E-01 -2.2141082388028463E-01 
000353   9.7656250000000000E-04    5.5596588707931083E-01  5.1914198551415902E-01 -5.3863456744099869E-01    1.9760132711028155E-01  4.6749741286520258E-03  1.2324461910228963E-01 
000354   9.7656250000000000E-04   -1.6916828169915143E-01  4.5960135796811680E-01  4.5495546541097470E-01    1.2600383996615033E-01  4.0646766014113112E-01 -4.0870937686785552E-01 
000355   9.7656250000000000E-04   -1.5864912489406319E-01  9.2371238443082135E-03  6.6372137084172056E-02    7.9881878584789034E-01  3.6355675913643093E-01 -8.1018128522953714E-01 
000356   9.7656250000000000E-04   -2.7201361153667475E-01  1.6640053377041553E-02  4.2260305824336192E-01   -4.4118211244564870E-01  7.2604849486602230E-02 -1.8074306415419156E-01 
000357   9.7656250000000000E-04    4.7041072900234454E-01 -5.5733875524074872E-01 -2.6999322292560085E-01   -2.3940110924924779E-01  9.3531092254469081E-02 -2.1671562415304618E-01 
000358   9.7656250000000000E-04    2.3096948255827648E-01 -1.6104871805145308E-02  5.5457332850269470E-01    1.0506062131731385E-01 -4.2605816962548893E-01 -3.6107384632004336E-01 
000359   9.7656250000000000E-04    5.4838589798343818E-01 -1.4453576986898642E+00  5.3107966218088154E-01    4.1761288400510738E-01  4.4176356436961556E-01  3.5655987416309193E-01 
000360   9.7656250000000000E-04    5.5292000599707580E-01  2.0277325843313144E-02 -8.3453088792491426E-01   -7.8329791203740218E-01  1.0774080003713658E-01  3.0740294527467743E-01 
000361   9.7656250000000000E-04    1.0218673424015438E-01 -2.9355763391312367E-01  3.5056230782597525E-01    5.1027358510773495E-02  1.0343368999002811E-01 -8.7006652931954434E-02 
000362   9.7656250000000000E-04   -8.9336448471075047E-01 -2.0819903920550709E-01 -9.2879259341302178E-01   -3.1153770159181310E-01 -3.5286552341550304E-01  3.6917134519799344E-01 
000363   9.7656250000000000E-04   -3.4173081534170480E-01  9.7578411343180615E-01  3.8003201560991134E-01   -6.1618539484305224E-01  3.0507148673530099E-01 -2.3416461650690884E-01 
000364   9.7656250000000000E-04    6.2915178981263642E-01  5.1116982872971239E-01  2.1083613502124779E-01    2.6584942646244875E-01 -1.0156670790503898E-01 -2.4238114983588627E-01 
000365   9.7656250000000000E-04   -3.1384762205698840E+00  1.9002730785387392E+00  3.6878250501911523E+00   -4.0441847717143223E-02  1.2857097518625482E-01  7.1220881755040460E-02 
000366   9.7656250000000000E-04   -3.1483799072743807E-01 -1.6381879475844824E-03  5.1802301571669129E-01    4.7987677578410082E-01  6.4129766617015554E-02  2.8505862163473505E-01 
000367   9.7656250000000000E-04   -8.2104507358457923E-01 -4.4501441563549071E-01 -3.9044261728087712E-02    6.4647746506298576E-01  2.8643835980696097E-01 -3.7222064763590434E-01 
000368   9.7656250000000000E-04    2.5787978596917993E+00  8.1357185289937939E-01 -9.5794957463741626E-01   -1.4966232758056902E-01 -1.3509260250092797E-01  7.8608976372776043E-02 
000369   9.7656250000000000E-04    7.0857783376021333E-01  8.6753709505797227E-01  3.1810848244670592E-01   -3.8557094404987263E-01 -6.3743397607567887E-01 -2.1647029160432668E-01 
000370   9.7656250000000000E-04   -6.3352949622946422E-02  1.6729482667930137E-01  1.4381194670395966E-01   -1.9108538513600937E-01  1.9267715789411402E-01 -4.0610161414289492E-01 
000371   9.7656250000000000E-04   -1.1552128812288427E-01  1.2274173854123877E-01 -3.3377653614737335E-01    1.0594228423591605E+00 -8.5728686144961586E-01  2.3070298243548837E-01 
000372   9.7656250000000000E-04    5.3061436920036620E-02  4.4787633804452665E-01 -3.1345641766899124E-01    5.9650842096478729E-01 -6.0470718898825915E-01  3.3203537570526986E-01 
000373   9.7656250000000000E-04   -4.9814581249320650E-01 -1.2285030139921136E-02 -1.9133947363494727E-01   -7.7410387954155696E-02 -8.4867016443953991E-01  7.3068400791207255E-01 
000374   9.7656250000000000E-04   -4.3363498546633317E-01 -6.4253344544547397E-01  1.2743886522992484E-01    5.2678294323511066E-01  3.4982667667250095E-01  5.5517720561185580E-01 
000375   9.7656250000000000E-04   -8.0679449692436234E-02  1.7346589599216561E-01  1.1093483757766224E-02   -1.0652387433803603E+00  6.3615062936151523E-01 -5.3443371077750046E-01 
000376   9.7656250000000000E-04   -1.7723524077931729E+00  6.1754349701485745E-02  4.0187528561432051E-01   -2.8753489085668504E-01  4.9002286444238019E-01 -2.8788331041407461E-01 
000377   9.7656250000000000E-04    1.3357269410406911E+00  9.7912817538272057E-01 -9.9708736695909084E-01    3.3451390899684658E-01 -1.9075562775484689E-01  2.4414905605809098E-01 
000378   9.7656250000000000E-04    2.1575966605217689E-01  1.5796398858845104E-01 -8.8750147119193365E-03   -7.7706175903679964E-01 -4.3030249438588775E-01  3.9750859748123391E-01 
000379   9.7656250000000000E-04   -3.7421987640612198E-01  1.6544765546026610E-01 -1.4826683712853392E-01    3.7943922257077412E-01  4.7271214903673073E-02  8.3917453240999262E-01 
000380   9.7656250000000000E-04    1.9766008341359120E+00 -1.5554570789221340E+00  6.4524790488371930E-01   -3.6961923309148415E-01  4.4031942708157196E-01 -1.2308614078329126E-01 
000381   9.7656250000000000E-04    1.7073593887922606E-01  5.1316245845945641E-01 -8.3049338841580822E-01    2.7935973678881193E-01 -7.7944037054425719E-01  3.7737776183038280E-01 
000382   9.7656250000000000E-04    7.5701066992108323E-01 -1.0809332862897099E-03  2.5050744775456774E-01   -4.6145284865302960E-01 -4.0462921457851425E-01 -2.8478764577596873E-02 
000383   9.7656250000000000E-04    1.5192135566480344E-02  1.4801369883524648E-01 -2.8303155178219569E-01    2.8037171758977253E-01  1.3556361145818108E-01  6.9935757600943782E-02 
000384   9.7656250000000000E-04   -1.1179573459451941E+00 -1.8193442680647616E+00 -2.0243789939838095E+00   -2.3087810033900091E-01  2.9885670084654932E-02 -5.2958615871969719E-02 
000385   9.7656250000000000E-04    4.8042615273539147E-03  1.9318265967446521E-01 -4.7436144219780935E-01    8.7722121453519264E-02 -6.1668433364031314E-02 -4.9786757311277208E-01 
000386   9.7656250000000000E-04    1.7255691926881783E-01 -6.6953457290750799E-03 -9.1775858138645106E-01    6.6662943954220899E-01  3.1715772607006437E-01  1.6631187565216024E-01 
000387   9.7656250000000000E-04    1.7857780464038359E-01  5.3412303370895697E-02  1.3288976229101891E-02    4.9018742237097301E-01  4.9838963336643638E-01  4.4265124114091986E-01 
000388   9.7656250000000000E-04   -1.7423096060907123E-01 -4.7596397874810858E-01 -2.2474929428525550E-01    9.4510775128783764E-01 -3.3839043988217965E-01  3.9434378916749946E-01 
000389   9.7656250000000000E-04   -1.5008427070093818E+01 -6.0801326606522439E+00  1.3225680224271661E+01    1.7982172168246163E-01  5.5070025763631028E-02 -1.9428012907112590E-03 
000390   9.7656250000000000E-04    1.9729860856304682E-01 -2.7122559499772020E-01 -1.5591329005323853E-01   -1.1896767482606128E-01 -7.2993650862971146E-02 -3.1981361941839792E-01 
000391   9.7656250000000000E-04    5.0036950099616714E-02 -2.5148379887037470E-01 -7.6765296465573363E-01   -7.0136713167417197E-01  6.1878348684352125E-01 -4.8650951303230647E-02 
000392   9.7656250000000000E-04    2.3614844752122760E-01  1.7170762221894417E-01 -1.1120326097995310E-03   -7.6235984872342955E-01 -3.6022354196201145E-01 -6.5121588958351295E-01 
000393   9.7656250000000000E-04   -1.9101574430872863E+00 -4.2055718729790120E-01  6.3499834417545942E-01    1.2443999658121416E-01  5.0331899919325229E-01 -4.6650771934124463E-01 
000394   9.7656250000000000E-04   -8.6899113203342065E-02 -2.3863942078560732E-01 -5.7978487615293850E-01   -6.9756273981012074E-01  4.3757707559885319E-02 -1.0615681805714555E-01 
000395   9.7656250000000000E-04    3.2863019422434520E-01  2.0838076447101245E-01 -6.0436279987994009E-02    4.3527097153428077E-02  5.3259750570416708E-01 -6.0532049585766934E-01 
000396   9.7656250000000000E-04    7.3548399011773513E-01 -8.4160010089360104E-01 -2.0145375511120578E-01    4.8882736861355131E-01 -5.6454731533856134E-02 -2.5782510945506909E-01 
000397   9.7656250000000000E-04    2.4565241105638230E-01 -7.0404738597994754E-01 -4.4318524214428268E-01   -8.6937492943534267E-01 -2.4811199572228429E-01 -6.0162521937580449E-01 
000398   9.7656250000000000E-04    4.6274096389239655E-01  4.7792132803816700E-01 -6.8901824647336851E-01    6.8730297734690984E-02  1.5581067237893914E-01 -7.3474201859726251E-02 
000399   9.7656250000000000E-04    5.4480647081861211E-01 -1.4147912213537731E-01  6.8347612837714858E-02   -2.8002907928371984E-01  6.4032040679489055E-01  5.7707172260326089E-01 
000400   9.7656250000000000E-04   -3.2243564131753238E-01  4.5132160502646146E-01  1.0873245419114308E+00   -7.5930327384343702E-02  5.6446789275779763E-01 -1.0719250993784774E-01 
000401   9.7656250000000000E-04    7.7444105243809824E-01  2.7864655902468843E-01 -4.7107842555258317E-01   -3.2237835039411261E-01 -2.8861386718967663E-01 -1.5449920911439216E-01 
000402   9.7656250000000000E-04   -8.3139330858638047E-02 -5.1630223778859863E-01  3.2362646144771301E-01   -6.4384716045381774E-01 -5.3375827129829245E-01  5.6489426349842844E-02 
000403   9.7656250000000000E-04    1.8070822564669222E+00  1.3065847817252902E+00 -2.9881848940520001E-01    4.9031112873170246E-01  4.4189585423651173E-01  2.6211511551042060E-01 
000404   9.7656250000000000E-04   -9.9158151377526316E-02 -3.0306175936790036E-01 -7.4625445233884602E-01    5.3121490224806789E-01 -1.9477924915344727E-01 -3.8396730914385374E-01 
000405   9.7656250000000000E-04   -3.4800636588377493E-01  1.2682658189626278E-02 -1.0401923675699493E-01   -9.4582958450927146E-01  1.9486766483309978E-01 -2.9230713297195859E-01 
000406   9.7656250000000000E-04   -7.3121819161600751E-02  4.1348984064014566E-01 -2.0928880881297610E-01   -6.3250861035772751E-02  6.3848739353732795E-02  5.0560252519012971E-01 
000407   9.7656250000000000E-04    5.9678800806033594E-01 -1.9150332231241515E-01  7.9578837763560517E-01   -4.7679042262857130E-02  4.2902879121462839E-01 -1.0400741681760982E-01 
000408   9.7656250000000000E-04    6.7317384039983150E-02 -6.2182387186279264E-01  3.0163313823938398E-01   -7.4191278941677696E-01  4.7683852767434387E-01 -3.8400271605638214E-01 
000409   9.7656250000000000E-04    2.7602858640152541E+00  4.1627479946655464E-02 -5.6033477227259021E-01   -2.4113471198549635E-01 -1.3694150070610869E-01  8.8854358682229281E-03 
000410   9.7656250000000000E-04    4.3724149801738195E+00 -3.1503989040299487E+00 -2.7377358514913506E+00    1.9845314357464788E-01  1.8003457486803640E-02  6.6024664816359810E-02 
000411   9.7656250000000000E-04   -1.1775636917054852E+00 -1.1007781434867208E+00  8.8139462124085610E-01    7.0992820238973864E-01  2.5396164816499889E-01  5.6866862967695636E-02 
000412   9.7656250000000000E-04   -2.4336517187865098E-01  3.6228497606021037E-01  6.7926843611700294E-01   -2.3030339135207478E-01  1.1285998303479135E-01  6.5538520189573268E-01 
000413   9.7656250000000000E-04    1.3198528151100425E-02 -2.0666393181372847E-01  6.1030630205876990E-01   -6.3699780575953302E-01 -6.6904950706928368E-01  2.1709894061641044E-01 
000414   9.7656250000000000E-04    3.4536059938378921E-01 -4.8888083126135948E-02  2.1007754805382620E-01   -3.8499746370597049E-01  1.3142369468896781E-01 -6.9057160719957678E-01 
000415   9.7656250000000000E-04    1.8383510722125129E-01  1.5666477862633407E-01  7.1290879561705633E-01    2.3871268000404466E-01 -1.8246188902885110E-01  1.8376854281021268E-01 
000416   9.7656250000000000E-04   -1.0748352850254346E+00 -6.0586420573202807E-02 -2.1824108869770883E-01   -5.9141270413142866E-01  1.6170354960904729E-01  3.2898253471142936E-03 
000417   9.7656250000000000E-04    8.9950293737458653E-01  4.3609940533262748E-01  3.5314785716788122E-01    1.0645439551087317E-01 -1.5652580908888369E-01  2.1112385786398963E-01 
000418   9.7656250000000000E-04   -3.4878222557203797E-02 -1.3443012413132831E+00  8.1681874666662202E-01   -2.2966871379945808E-01 -2.2320416542645966E-01 -3.8849226928852892E-01 
000419   9.7656250000000000E-04   -1.6328080023311353E-01  5.4355644514366031E-01 -3.0479569097722792E-01    2.4493194471183749E-01  1.1093705616126364E+00  2.8288073185427498E-01 
000420   9.7656250000000000E-04   -2.7328185682583345E-01  1.0680458573639957E+00 -5.0711294301546017E-01   -1.7222304266578620E-01 -2.5186322164277958E-01 -3.8451345592176250E-01 
000421   9.7656250000000000E-04   -5.1006195892782746E-01  4.0760035751994511E-01  5.6724616229944491E-01    2.8336261053870104E-01 -8.2384419435674747E-02  3.3972589852434315E-01 
000422   9.7656250000000000E-04    1.9294207999794006E+00 -4.3565542008534193E+00  2.6178070923464585E+00    2.8620795425946377E-01 -2.2724422283099652E-01 -6.3312292359275144E-02 
000423   9.7656250000000000E-04    5.9512020127569698E-01  2.7232687589481491E-01 -6.6324094556438840E-01    3.0642977561006385E-01 -2.4334603456108736E-01  5.4751035928023051E-01 
000424   9.7656250000000000E-04   -1.0430854652478501E+00 -7.2732072434501560E-01 -9.4751504126210950E-01   -6.8250841158557152E-01 -1.5252709747751117E-01 -4.9717510272474272E-02 
000425   9.7656250000000000E-04   -1.2382937763217829E-01 -1.3787356083507496E-01  3.4600990064161508E-01   -4.0034311460284849E-01 -6.0390317005457794E-01  5.3149773553363577E-01 
000426   9.7656250000000000E-04    3.1161475469060085E-01 -1.8960425591006741E-01  3.5510637319490096E-01    3.4993479099574559E-01  7.6007700887839624E-01 -3.1931404765756127E-01 
000427   9.7656250000000000E-04   -3.2356398095586819E-01 -6.8442716165660711E-01 -3.8946873639756519E-01   -3.4225852925230893E-01  3.3100546060638508E-01  7.2234440410184975E-01 
000428   9.7656250000000000E-04    1.3566172691867455E+00 -8.3659229972953375E-01 -2.8346264390567216E-01    1.4050685978682953E-01  7.1588586807250484E-02 -3.8446129137611529E-01 
000429   9.7656250000000000E-04   -1.4973925474496264E-01  5.0904716717133680E-01  1.7413604662907886E-01   -2.2326917420229443E-02  6.0749724706124797E-01 -4.5675999879969925E-01 
000430   9.7656250000000000E-04    5.4790538835642477E-01 -2.2520733113768018E-01 -5.0287769965768579E-03   -2.1065781675581574E-01  8.2610763953357491E-01 -3.1956276269570560E-01 
000431   9.7656250000000000E-04    2.5683494854201416E-01 -3.0542070970652530E-01  1.5470547520551742E-02   -2.9251741927483546E-02  1.6582241362302946E-01  3.0339892591854878E-01 
000432   9.7656250000000000E-04    2.9308864881241808E-01 -2.9122002700398497E-01 -6.1100890666063790E-01   -4.4454280988049288E-01  3.7259235897676501E-01 -1.6387131420030376E-01 
000433   9.7656250000000000E-04   -8.7718749585396327E-02 -2.9737648161044200E-01 -4.7147846353598943E-01    1.8658610074248050E-01  5.4672723477036422E-01 -2.7966546624233640E-01 
000434   9.7656250000000000E-04   -1.5252236481734460E-01 -3.6522607376894772E-01  4.4362170943089618E-01   -4.9823242386900068E-01 -3.0399205787367578E-01  3.7062831696072018E-01 
000435   9.7656250000000000E-04    2.6267534410050293E+00  1.9533123549880214E+00 -1.9475853582172559E-01    1.6111162710755617E-01 -6.9370055488601895E-02  3.5971570902914185E-01 
000436   9.7656250000000000E-04   -2.2455632044286411E-01 -2.1538669399811047E-01 -6.6191150371784924E-01   -3.6247258767023111E-01 -6.6572478930643997E-01 -7.9475013259410185E-02 
000437   9.7656250000000000E-04   -2.6532739336811320E+00  1.8647696465648442E+00 -2.8847551234880884E+00   -1.0159076168846680E-01  2.3805518653151311E-01  1.3025204544579605E-01 
000438   9.7656250000000000E-04   -8.3555595301518598E-02  1.2620615721917469E-01 -8.8013524034310592E-02   -6.5036851561382503E-02  8.0379999462794505E-02  8.4131428279739950E-01 
000439   9.7656250000000000E-04    3.8111454039775755E-01  1.5671231165833979E-01 -1.1294521957439021E+00   -5.6880449308681386E-02  1.0054270243542909E-01  3.7397553314519952E-02 
000440   9.7656250000000000E-04   -1.7190497328744869E-01  2.1313893183921290E-01 -8.3693696318056887E-01    9.9139795149366661E-02  3.2714843713574032E-01  4.5004036981830431E-01 
000441   9.7656250000000000E-04   -1.0764890374512368E+00  2.1161727714677400E-01 -1.1295309629281047E+00   -2.2068968440007927E-02  3.5884151514832474E-01  4.1656980334631361E-02 
000442   9.7656250000000000E-04   -1.1776297217396602E-01 -8.0290171869027949E-01  2.0098959781868173E-01    3.3140560520750473E-01  3.7741300738181488E-01  1.0600796884454050E-01 
000443   9.7656250000000000E-04   -5.4040389965921898E-01  1.7128255368928499E-01  1.0283455147867476E-01   -2.3122808690602803E-01 -1.6997261108315004E-01  5.3790093656292792E-01 
000444   9.7656250000000000E-04    3.7672745860299517E-01  2.3794038719533275E-01 -8.5571363641086018E-01   -2.2215048826800987E-01 -3.6367265387931419E-01  2.4984222221344812E-01 
000445   9.7656250000000000E-04   -1.0767028111867221E+00  7.6927652580661510E-01 -3.4972765635575037E-01    4.9631068643869669E-01  4.9039413301936130E-01 -4.6960961967988504E-02 
000446   9.7656250000000000E-04   -6.3573469856415588E-01 -8.4692407883178895E-03 -2.4305971410678961E-01    6.0412702416413215E-02  5.8594289845769898E-01  2.5282749151116651E-01 
000447   9.7656250000000000E-04    3.8941113257378684E-01 -4.2285322768274353E-01 -8.0271081320851045E-01    5.2388249641289253E-01 -6.2467526464104761E-01  2.3403058014631814E-01 
000448   9.7656250000000000E-04   -2.6518091201618871E-01 -1.5278648506060605E-01  1.0224077967555227E+00   -1.3040641091713356E-01  2.7664759321163596E-01  2.3186233261985545E-01 
000449   9.7656250000000000E-04   -6.0531553594115339E-01 -2.6979167315119392E+00  1.1227052488136464E+00   -2.9880720744220252E-01 -4.0187329810101607E-01  2.9459598633326223E-01 
000450   9.7656250000000000E-04    6.1167177364717829E-01 -2.4416751675749240E-01 -6.6283995719122080E-01   -1.0411368903525352E-02  3.9758620794199029E-01  3.5777400536694431E-01 
000451   9.7656250000000000E-04    1.4334966990097842E-01 -1.7739353815671938E-01  2.6245816235619013E-01    1.1889760345329922E-01 -3.6083336471236055E-01  6.6735276694293311E-01 
000452   9.7656250000000000E-04   -8.5451065895664780E-01 -2.9748541496581345E-02  2.0783174756045358E-01    9.8837325632690001E-02 -1.9255434928054085E-01 -1.3861635378402165E-01 
000453   9.7656250000000000E-04    8.2661526924732476E-01  3.7063056764216601E-01 -2.9237459969792403E+00   -2.6171074203644756E-01 -4.7644094211611032E-02 -3.8666857425937601E-01 
000454   9.7656250000000000E-04   -5.5368177835188881E-01  5.6820153125844530E-01  1.6836496993629510E-01    6.2225770350136378E-01  3.6590851109681605E-01 -1.6251368534826707E-01 
000455   9.7656250000000000E-04   -1.2886822980742643E+00 -1.0951770037931652E+00  3.5220689454575516E-01    3.8271746554848496E-01 -6.0681894691460486E-02 -1.4189595220763701E-01 
000456   9.7656250000000000E-04   -5.3873109174934297E-01  1.8636874663903437E-02 -5.2873065234514231E-02   -6.2654903529454631E-01  3.0635627765198731E-01 -1.6847358000495566E-01 
000457   9.7656250000000000E-04   -5.8684179437591011E-01 -2.5301837722105697E-01 -3.4270844361485898E-04   -5.0336587337349092E-01  6.9339094692631531E-01 -9.1943850254562129E-04 
000458   9.7656250000000000E-04    9.3103351803745638E-01 -2.0614404216331936E-01  9.5422059391854896E-01    1.1864832806000578E-01  3.2416374842956069E-01  6.4126516419158797E-01 
000459   9.7656250000000000E-04    3.4627666445425354E-01  7.0330044857514873E-01 -5.5353658558920804E-01   -6.1142126751892167E-01 -1.0992622953594428E-01 -1.5408551105322285E-01 
000460   9.7656250000000000E-04    1.2423571637295906E-01 -1.3452149089272492E-01  5.7017706518325650E-01   -3.8339866216043428E-01 -7.9334706171810210E-01 -7.0290793383036254E-01 
000461   9.7656250000000000E-04   -1.4812665699507760E-03  5.4008172483296413E-01  1.2865874366097241E-01   -3.5765218958201100E-01 -1.0576011305594531E-01  8.3289195855491582E-01 
000462   9.7656250000000000E-04    2.1071792925001742E-01  6.1391932438227703E-01 -6.1967979073786505E-01   -4.4210710425178834E-01 -1.1906059201969876E-01 -2.0843093124690293E-01 
000463   9.7656250000000000E-04    8.5780101217821592E-01  1.3825347801201671E+00  1.6026133807183116E-01    9.6997252668602388E-02 -1.6261454757524932E-01 -9.7252026476676079E-02 
000464   9.7656250000000000E-04   -3.9982041812168796E+00 -3.8465908581704924E+00 -6.4560178919760665E+00    7.9361925882546022E-02 -3.2941070116717451E-02  3.0663885275914482E-01 
000465   9.7656250000000000E-04   -1.0454748363803217E+00  1.1734915659400456E-01 -1.3048215122774662E+00    5.2483877637994281E-01 -3.0780756975646612E-01 -1.2436749167684510E-01 
000466   9.7656250000000000E-04   -7.6199940966086746E-02 -4.1186478546056626E-01  4.6841731708562034E-01   -2.5098385122651212E-01  6.8868027637170315E-01  1.6539729325431848E-01 
000467   9.7656250000000000E-04    4.1429219662980132E-01 -1.8562105153815664E-01  2.9145992599291759E-01   -4.6536503862595785E-01  1.8680328650120356E-01 -3.8418171152155839E-01 
000468   9.7656250000000000E-04   -4.0909247665870813E-01 -5.1103610848341663E-01 -1.0622961350660468E-01   -9.5949485703721438E-01 -1.5965704276714729E-01 -2.8219359567089186E-01 
000469   9.7656250000000000E-04    2.2621052240130396E-01  9.4564027634134518E-01 -5.2604726021176229E-01   -2.0505459368774087E-01  2.7235642434921381E-02 -4.7045281219614946E-02 
000470   9.7656250000000000E-04   -5.1860730575050462E-01  2.6512605873929407E-01 -4.9094795271659686E-01   -5.7920284352986484E-01  3.6434262691383507E-01  1.7692058439366934E-01 
000471   9.7656250000000000E-04    2.7217243659166523E-01 -6.2082700258270673E-01  5.0713666629193632E-01   -1.2967017145956561E-01 -1.4573497754570766E-02  6.8583437709912987E-02 
000472   9.7656250000000000E-04   -5.4066909172503530E-01  8.5529407700541162E-03 -7.9110298800905887E-01    5.3318240767566372E-01  9.8254709714045388E-02 -8.9288502544977152E-02 
000473   9.7656250000000000E-04   -2.8662037474857537E-02 -2.4888837125900329E-01  1.6065449866047687E-01    2.8590165887607311E-01 -2.0804878890291181E-01 -4.0714108806712984E-01 
000474   9.7656250000000000E-04   -2.1702491972111138E-01 -2.5069378638494784E+00  8.6615634513385464E-01   -2.1711767255242320E-02  2.9883939541869531E-01 -4.5666913893384439E-02 
000475   9.7656250000000000E-04   -1.3394977035997340E+00  3.9562147236268475E-01  1.2179473941632085E-01    4.3076424684315114E-02  7.1497077789936844E-02  1.6574938651074697E-01 
000476   9.7656250000000000E-04    2.4920914742852379E-01 -6.5284487653043954E-02  1.5855681267391344E-01   -2.7162461888241524E-01  4.9879661041355666E-01 -5.1159383845032191E-01 
000477   9.7656250000000000E-04    6.5081320455035019E-01  3.9263595856076217E-01  7.0774799772833330E-01    1.7148380067050665E-02 -6.8104490949511595E-03  1.4869287886118496E-02 
000478   9.7656250000000000E-04   -2.1382956580174767E-01 -3.7347643940214414E-01 -1.9613186306328895E-01   -2.4795113675256325E-01 -4.0308404694779987E-01 -1.6433879656484798E-01 
000479   9.7656250000000000E-04    8.0468066210326372E-01 -3.7639165740551073E-01  6.7680617731449833E-01   -3.6309992865580254E-01 -4.1742444536463885E-01  1.2583122160741314E-01 
000480   9.7656250000000000E-04    4.2153800614865305E-01 -1.0106504195148582E+00  2.0351227479791026E-01    4.1336196966151650E-01  3.7806872522395207E-01 -1.5069638487872722E-01 
000481   9.7656250000000000E-04    7.3128765919285754E-01  1.0115757543658328E+00 -5.5088273575229740E-01   -8.7020593081569919E-01 -4.9877235957735522E-01 -7.6563012423354518E-02 
000482   9.7656250000000000E-04   -4.8718453527198134E-02  1.7010848899517031E-01 -5.5035314136257951E-01    1.0167650381083618E-01 -2.2134464367855611E-01  8.5534795421581378E-02 
000483   9.7656250000000000E-04   -1.0718725375014346E+00 -9.8170890088602414E-01 -7.6944471996231567E-01    7.2088191830350934E-01 -1.1699247724521475E-01  1.3817462997031807E-01 
000484   9.7656250000000000E-04   -3.5325698369722958E-01 -1.8165397211165282E-01  2.2003371153169726E+00    2.2622395301195802E-01  1.9722008202113928E-01 -4.6629391523621652E-02 
000485   9.7656250000000000E-04   -2.0368302188278053E-01 -1.6448781108666211E-01 -3.4183815726733326E-02   -2.1827449324563997E-01  6.8933440376920307E-01  5.0665689509639267E-01 
000486   9.7656250000000000E-04    1.3600423767331915E-01 -7.1254311363681419E-02 -4.3866367473766410E-01   -2.0698622996126576E-01  4.4619736238845764E-01 -2.9884576690521216E-02 
000487   9.7656250000000000E-04   -3.1756068465834814E-01  4.2277640904577612E-02 -2.0429661332867868E-01    4.0509817874549148E-01  8.4556730847507211E-01 -1.7264929202330304E-01 
000488   9.7656250000000000E-04    2.9321527830869831E-01  1.4592738800046839E-01  2.6571131778355456E-01    1.1741632837560198E-01 -2.2359505671177188E-01  5.4500421713539393E-01 
000489   9.7656250000000000E-04    3.4254726972232136E-01  2.7296976665490913E-01  1.6234061348657680E-01   -8.2207726408579110E-02 -8.1615498094195327E-02  3.1557556455834035E-01 
000490   9.7656250000000000E-04    2.5239054575462322E-01 -1.3684200188372411E-01 -8.5215649472120969E-01   -2.6408214088415385E-03 -2.9852043303759868E-01  1.2078474340936583E-01 
000491   9.7656250000000000E-04   -2.9180923301528422E-01  1.1015803110167870E+00  6.5603630001461599E-01   -2.3619209619257342E-01 -1.3469501378821939E-02  4.8323372668067871E-01 
000492   9.7656250000000000E-04    4.4641369232311739E-01 -4.0903669320550079E-01 -1.3047436229158604E-01    8.7987506318302031E-02 -6.6112285588222197E-01 -3.0663761539047490E-01 
000493   9.7656250000000000E-04    4.2292913705760306E+01 -3.9624918199713424E+00 -3.0090566840171579E+01    7.0925259145683511E-02 -8.4475053772563244E-02 -3.8214359008378315E-02 
000494   9.7656250000000000E-04   -7.6892196296395021E-01 -1.1875348762296996E+00 -4.7145391947052623E-01    2.4930579930626490E-01 -2.8536345281732051E-01 -1.4526644241142855E-01 
000495   9.7656250000000000E-04   -3.3252740942558634E+00 -3.1199928186899615E+00  1.2103418714462955E+00    3.6611415861562316E-02  9.1794151292356477E-02 -3.9484356706487167E-01 
000496   9.7656250000000000E-04   -7.8293385639912408E-02 -2.6777357888869041E-01 -1.8584575428959024E-01    8.4394207761389239E-01  2.3254224210628904E-01 -2.5411573253570896E-01 
000497   9.7656250000000000E-04    3.4476748855272205E-01 -5.7911106749037922E-01  5.7867484973564670E-02    1.3322466558089791E-01  5.5828777405868474E-02  1.4454020500973908E-01 
000498   9.7656250000000000E-04   -1.0142329245485497E+00  5.7911736990179186E-01 -1.4000373207639194E+00    1.2387455614487711E-01 -7.2184404664742241E-02 -2.5297630110539115E-01 
000499   9.7656250000000000E-04   -2.7410431536761032E-01  2.4317639717198601E-02  2.9690798361331205E-01   -5.7675145250695536E-01 -9.2225395607756805E-02 -2.9256132312301919E-01 
000500   9.7656250000000000E-04   -1.9129892414591292E+00  1.7908339885350563E-01  1.8006711481332391E-01    4.4968438912296529E-02 -7.2649042829819127E-02  3.1158134435193829E-01 
000501   9.7656250000000000E-04    5.5912515596156120E-02 -2.6103383951022473E-02 -1.2471518043156932E-01   -1.0391114713762795E+00 -5.1794400901869508E-01  3.0758719611312130E-01 
000502   9.7656250000000000E-04    6.2202251911878059E-01  3.7344014680799831E-01  5.9953820851622562E-02   -1.8119424802912215E-01  3.0501000903533992E-01 -5.0239299087958766E-01 
000503   9.7656250000000000E-04    2.4831722236604337E-01 -1.8814666174121392E-01  2.4861791096111388E-01    1.7541625500631197E-01  1.2783436500891276E-01 -3.4726745900479533E-01 
000504   9.7656250000000000E-04    2.1029152965159530E+00  1.1288245799317627E+00  3.3435463532032013E+00   -2.2000094316295647E-02 -7.8588873667844852E-02  1.9052098637044934E-01 
000505   9.7656250000000000E-04    4.2036728657400324E-01  1.1607555920667272E+00 -3.0938254263350068E-01   -3.6128371556023178E-02 -4.4851491840414481E-01  3.4545585798896711E-01 
000506   9.7656250000000000E-04    5.5099472129835492E-01 -1.6901699031589715E-01 -4.1261554662803269E-02   -3.3146664801437653E-01 -6.5928455016720944E-01  5.9208473707005438E-01 
000507   9.7656250000000000E-04   -4.0961953400915679E-01 -4.1468745681730146E-01  2.7166827860583981E-01   -5.7921978123868101E-01 -3.7303336655774200E-01 -1.6365078880374662E-01 
000508   9.7656250000000000E-04    6.9705972454501622E-02 -5.7041183840573509E-02 -5.0450154560673910E-01   -9.5729786719583698E-01  4.4046937985721718E-01 -2.1781478756454148E-01 
000509   9.7656250000000000E-04   -5.5995136126624123E-01 -6.7005659117834904E-01 -5.7263837485786206E-01   -3.6418593772781033E-01 -3.5254340529294131E-01  1.4810040701121874E-01 
000510   9.7656250000000000E-04    3.3055815242840297E-01  6.7015381249488704E-01 -4.5198540543990418E-01   -1.2277286756187912E-01 -6.8210504041164532E-01 -1.6577610005255192E-01 
000511   9.7656250000000000E-04   -1.6773668626754445E-03  2.8517377627727956E-02 -2.5342630520869452E-01   -1.0514599746093371E-01 -2.5425331280526042E-01  5.7687370405897009E-01 
