0000 
000128 
0.0000000000000000E+00 
000000   9.7656250000000000E-04    4.6044031290241588E-01  1.5612749555226912E-02  1.3252702932865907E+00   -2.2023751334708874E-01 -5.0839661917290702E-01  2.7451135038644953E-01 
000001   9.7656250000000000E-04    3.0271133999615119E-01 -2.0771181406803269E-01  2.5940121365121016E-01    2.6106639259616548E-02 -1.9926126982905176E-01  2.8205582134079649E-01 
000002   9.7656250000000000E-04    1.4112762962323866E-01 -7.2740758265442307E-01 -9.1281152441309477E-01   -4.8603824310369381E-01 -3.0506449815879405E-01 -2.6500783552175822E-01 
000003   9.7656250000000000E-04   -5.1862764654863647E-01  1.6559133361886694E-01  4.2780136543790079E-02    5.1296654644144657E-01  6.0179324509460219E-01 -1.6972894766640165E-01 
000004   9.7656250000000000E-04    1.1507186131216645E+00  1.2070619462304011E+00 -1.2341478896642721E+00    2.7890613713538814E-01  2.0883206336889021E-01  4.1393395036897387E-02 
000005   9.7656250000000000E-04    6.2009052073549190E-02 -7.1963360634133153E-02  7.8604786181074832E-02    7.8320291343504167E-01  8.8100086490753793E-02 -5.1305293583481168E-03 
000006   9.7656250000000000E-04   -5.8683150602911816E-01  1.3128858502011911E-01 -1.3579352582305231E+00    2.7101972619438669E-01  4.8616933948835733E-01 -3.1678736080024902E-02 
000007   9.7656250000000000E-04    8.9884127176237907E-02 -9.7082222265706131E-01 -4.0481458573464274E-01   -1.3208206803467498E-01 -1.5017866851443407E-01 -3.5660418739260791E-01 
000008   9.7656250000000000E-04   -5.0504236034670091E-01  2.2878611053114464E-01 -1.6169514296124843E-01   -6.0855866670190148E-02 -5.6717298638234215E-01 -9.8610979621105377E-01 
000009   9.7656250000000000E-04   -3.0769727992331186E-02  1.1923091707119772E-01 -1.1581363517936705E-01    2.2054431818743925E-01 -2.7605267283617507E-01  1.1627679177827159E+00 
000010   9.7656250000000000E-04   -1.3434422809911233E+00 -1.2087233974452838E+00 -8.2203417371233833E-01   -3.2523326341399700E-01 -4.1115540781010351E-01  4.1579662296629055E-01 
000011   9.7656250000000000E-04    1.0935374941027642E+00 -5.1349111454631824E-01  1.8094447250573713E+00   -2.4521801971200829E-01 -2.0984771370460542E-01  1.2279563772335585E-01 
000012   9.7656250000000000E-04   -2.5811285331130640E-01 -1.8284104639708906E-01  5.9885152919018414E-01    1.6296642796792338E-01 -4.0560729590429700E-01 -1.2877352250553378E-01 
000013   9.7656250000000000E-04    7.9355214599505919E-01 -1.6661574895541607E+00 -1.6436719986157984E+00    2.4960777035567477E-01 -3.8971097917483544E-01  7.9895837364561115E-02 
000014   9.7656250000000000E-04   -9.9219635066871883E-02 -3.5838057717465766E-01  8.2536635800024771E-01   -3.2588649726384367E-02  6.8224824195376721E-01  2.8308166914320348E-01 
000015   9.7656250000000000E-04   -1.7995687901402180E-01 -1.4568573268891075E-01 -2.8410120211334361E-01    9.3563866212507696E-01  1.9576664122608459E-01  4.8648459632099822E-01 
000016   9.7656250000000000E-04   -2.2222836542424756E-01  2.9311571894858524E-01 -3.9357325649941383E-01   -5.4188133962713581E-01  1.8526533910510384E-01  6.0370375630167550E-01 
000017   9.7656250000000000E-04   -2.5846970846547739E-02  2.4513878136297584E-01 -5.3701224388053559E-01    2.8501960536153892E-01  8.7014146546524551E-01  3.0855332653988693E-01 
000018   9.7656250000000000E-04    2.3039067987617634E-01 -2.5072272349195129E-01  6.9837079087657461E-01    8.4840337260947821E-02 -1.9972662472360295E-01 -6.8055139303259116E-01 
000019   9.7656250000000000E-04   -3.7087138574493111E-01 -1.1420875353066575E+00  1.4433269108051654E+00    7.8092767877337335E-02 -2.3015119226226616E-01 -4.7333343118864885E-01 
000020   9.7656250000000000E-04   -5.0622106273941458E-01 -1.0129280481399578E+00  7.6590571045495759E-01   -1.6342346505109379E-01 -7.4104182458915452E-02  1.3898813144963260E-01 
000021   9.7656250000000000E-04   -3.4696765386915845E-01 -2.9750485140637478E-01  7.5955234029453894E-02    7.1396802003090742E-01  2.0571808310328929E-01  9.1483360281211301E-01 
000022   9.7656250000000000E-04    2.8502607647128431E-01  3.2127524003845587E-01 -1.0642535268493947E-01    1.6539682121772076E-01  1.1859322079327504E-01 -9.6944763443716900E-02 
000023   9.7656250000000000E-04    4.4333489568356471E-01  2.4472602904083982E+00 -4.2099892093281976E-01   -1.8389030011961199E-01 -8.6447362054222848E-02 -5.1763475604576192E-01 
000024   9.7656250000000000E-04    4.6931357072468999E-01 -1.8193869443646584E+00 -9.8050058012940144E-01    1.6667667319779034E-02 -2.7227925540291875E-01  4.2222172544946029E-01 
000025   9.7656250000000000E-04    1.8276685547637772E-01  5.1810813623817387E-01  2.6440043362687965E-01   -1.1805837963298592E-01  4.3275595793396140E-02  2.9869184946734595E-01 
000026   9.7656250000000000E-04   -8.2670748611470868E-01 -4.4843995651124224E-01  8.6148151500817804E-01   -4.7929490180464634E-01 -2.2170833634640563E-01  8.7246287791110474E-02 
000027   9.7656250000000000E-04   -4.7708596379367091E-01  1.0941832524422883E-01 -1.7690607039080262E+00    1.5985680974762223E-01 -3.9503212684878825E-01  2.8560651112531488E-01 
000028   9.7656250000000000E-04    7.1965091217030361E-02 -3.5112186245421928E-01  2.7971870940526872E-01    5.2178315936060549E-01 -2.0200853027042331E-01 -5.4361430933070931E-01 
000029   9.7656250000000000E-04   -1.0318711330878508E-01  1.9172124888745323E-02  2.7240829663216337E-01    3.5417862101229369E-01 -1.9689761502870845E-01  4.4414881225158931E-01 
000030   9.7656250000000000E-04   -2.3645293032856056E+00  2.1922960684663209E+00  3.9425501950760533E+00   -2.6986813516391803E-02  2.3167008423211491E-01  1.4390264854715509E-01 
000031   9.7656250000000000E-04   -7.8162492005678696E-01  2.5421505714457133E-02  3.3328037983174247E-01    3.0967266171068697E-01  2.9168992569533458E-01 -2.0900217585582767E-01 
000032   9.7656250000000000E-04    1.2787544011825303E-02  1.1286597513661097E-02  1.6448531970678917E-01    5.1640652764203032E-01 -2.5256932909747676E-01 -6.9093309179990225E-01 
000033   9.7656250000000000E-04    4.1275618679422393E-02  3.7800693545632724E-01  4.8878820659371286E-01   -4.0809322193215752E-01  2.2477263870920569E-01 -9.8357504427979170E-01 
000034   9.7656250000000000E-04   -2.4597210013215004E-01  4.7929475637097194E-02 -5.0420361944924574E-01   -5.2112808311618186E-01 -7.5244227327274993E-01  1.6055870739666739E-01 
000035   9.7656250000000000E-04   -2.3874517262898748E-01  1.3412638697758150E-01  2.7685776695428932E-01   -9.2713619128414332E-02  4.5847214132289715E-01 -2.2059767843829650E-01 
000036   9.7656250000000000E-04    5.3733346945966665E-01  1.1799531892562172E+00  2.1410910888041372E+00   -8.2493381161469426E-02 -1.9339014155014045E-01  8.1549043758730330E-02 
000037   9.7656250000000000E-04   -9.6116696319675310E-01 -8.9953625733784781E-01 -1.7224937447324687E-02   -4.2914918504103783E-01 -6.4817572627642803E-02  5.3920738868418450E-01 
000038   9.7656250000000000E-04    3.7685924584812591E-01 -1.5477481176440377E-01  1.3125343677354095E-01    8.1018216606638893E-01 -4.9713890884335377E-01 -3.5140413519483821E-01 
000039   9.7656250000000000E-04    2.3630676570883713E-01  1.9705165806947608E-01 -1.8130030507533787E-01    6.0500497519098484E-01  1.5740962173474690E-01 -8.0240927368772155E-03 
000040   9.7656250000000000E-04   -2.2790470933342249E-01 -2.5689418562195099E-01  1.5374900749594329E+00    8.8324072238287907E-02 -5.2244109921592585E-01  5.1838244290339774E-01 
000041   9.7656250000000000E-04    1.2981985116701711E-01  2.3540297279833830E-01  1.1296465682990323E-01   -6.6522037993933381E-01  5.4044739647114381E-01 -6.5790733043166860E-01 
000042   9.7656250000000000E-04    5.0298507586780827E-01  6.3002414175352650E-01  9.0439730195589513E-02    4.6715316004119672E-01  4.3058902704841875E-02 -4.1254176083969196E-02 
000043   9.7656250000000000E-04    6.3346133381978934E-02 -5.9575554602729319E-01 -2.4318989132317248E-01   -1.4149780720003458E-01 -4.0185669023025272E-01 -6.6130244816396011E-01 
000044   9.7656250000000000E-04   -5.2381022545567835E-01 -8.3891709422309013E-01  1.4813060094563353E+00   -2.3942545519602558E-02  1.9991567027936852E-01  6.3725126166389467E-01 
000045   9.7656250000000000E-04   -1.6834890945084377E-02 -5.0761902728614056E-02 -1.1836532067535083E-01   -1.8570681881296197E-01 -1.2920671274139481E-01  3.4818838451132983E-01 
000046   9.7656250000000000E-04    4.7710906691621474E-01  1.3303756082626966E-01  7.4638452689981105E-01    5.8299963680930843E-03  6.2463296303777938E-01 -4.5810082662480295E-01 
000047   9.7656250000000000E-04    1.5544617045901232E-01 -8.5962048740915412E-02 -2.7441486056298175E-01    4.9056971870445315E-01 -5.6436741643954347E-01 -6.3230287339903124E-01 
000048   9.7656250000000000E-04   -2.0324517312178403E-01 -3.7635496802070184E-01 -2.1269435461073419E-01    2.2591756275565922E-01  4.6161624893335328E-02 -3.3372355857692482E-01 
000049   9.7656250000000000E-04   -1.0150323367666847E-01  4.1564823600977951E-01 -1.4453944066962018E-01   -1.7954219318107451E-01 -7.1311305436742289E-01 -8.8132911683106288E-02 
000050   9.7656250000000000E-04   -6.7506272174210313E-01 -6.5012420090956669E-01  1.3633442102174706E-01   -1.7177803237250416E-01 -4.4708405216532993E-01  3.4892361572889474E-01 
000051   9.7656250000000000E-04    4.8511761261944647E-02 -1.8076323800257654E-02  2.1937729119749305E-01    9.8257584894240912E-02  2.9817160024791500E-01 -1.2558326042160836E-01 
000052   9.7656250000000000E-04   -5.2018144711860248E-01  1.0757305752909278E-01  1.3840687169953289E-01   -4.9740985547629701E-01  5.9950429832252594E-01  2.6675441107817821E-01 
000053   9.7656250000000000E-04   -1.9839483951137982E-01  2.4276599877846881E-02  1.0008122033811362E-01    6.1344219382234877E-01  9.8185109014735761E-02 -3.7626729689858568E-01 
000054   9.7656250000000000E-04    8.4742204551710928E-02  1.2448583982324610E+00 -7.3244298822060081E+00   -2.1762464396951248E-01 -2.0728171662254571E-01  1.3342150940050104E-01 
000055   9.7656250000000000E-04    1.8004247929562162E-01 -7.2765106844608196E-01  1.4485187013643084E+00    5.6114956498212598E-01  7.0613144271993764E-02 -4.4391246799477768E-01 
000056   9.7656250000000000E-04   -2.5723328524823530E-01  2.8543883224653108E-03  4.7836378049165290E-01    4.8110303597595711E-01  7.6402409575820601E-03  5.6593821962908186E-01 
000057   9.7656250000000000E-04    1.7991134402394360E-01  8.8360188911714953E-03  2.7436059745546076E-01   -2.3143103005510318E-01  1.0581379479606650E+00 -3.7855399423306951E-01 
000058   9.7656250000000000E-04    4.6322473100505759E-02  9.1997984642593233E-02 -5.2358582799154514E-02   -1.3282851726721384E-01 -5.9138329385039337E-02 -3.6823754888876542E-02 
000059   9.7656250000000000E-04   -6.6970623079707281E-01  5.8207091564042257E-01 -7.5953668764735949E-01    1.1624307420325039E-01  8.8969580396531744E-01  1.3364410046381123E-01 
000060   9.7656250000000000E-04   -1.6053893197018146E-01 -2.2959841839485870E-01  2.9272639900285496E-01   -3.0179554598302499E-01 -7.7961846827202308E-01 -3.6021926529764198E-01 
000061   9.7656250000000000E-04    1.9284754705452728E-01 -4.9985079179524772E-01 -2.1290291771387834E-01   -1.0196574375596074E-01 -6.4623257378129417E-01  6.9109072402311733E-01 
000062   9.7656250000000000E-04    8.6513246396534849E-01 -2.1478484698505347E+00 -5.1436342304611449E-01    3.0365961180925105E-02 -1.1403313011712018E-01  3.1204389526310644E-01 
000063   9.7656250000000000E-04    1.0584014013284236E-01  4.3030725140632625E-01  4.3511603847856783E-01   -2.3061923695817160E-01  8.4737746706141859E-01  3.0952788060199871E-01 
000064   9.7656250000000000E-04    1.8049495930632111E+00 -1.3387633231424356E-01 -2.9650044780165635E-01    6.1575241068061481E-01  6.3261839693807428E-02 -3.0070733619009954E-01 
000065   9.7656250000000000E-04   -3.1604709781185314E-01 -3.1423371713332870E-01  4.7077599233050244E-01   -2.2413034712843927E-01  5.4947147114309758E-01  1.5072117126835821E-01 
000066   9.7656250000000000E-04   -3.3658095490888917E-01  1.5308810363895364E+00  1.2606994550113300E+00   -2.6975396600128798E-01 -2.7919199374426232E-02  1.4927259190396988E-01 
000067   9.7656250000000000E-04    1.3019606198248774E+00 -1.8393775097047882E+00 -3.7945274132072754E-01   -6.0787713521375686E-02  6.9061031546144694E-02  3.7227791307934766E-01 
000068   9.7656250000000000E-04    1.2465789650863695E+00  1.2293179952281750E+00  3.8268899902180842E-01   -3.2036393330077712E-01  6.5110859913313987E-02 -2.3741528729923389E-01 
000069   9.7656250000000000E-04   -8.5386693419385651E-01 -4.2975055765015197E-01 -4.2190817994100321E-01    8.0111972641497081E-02 -2.7772269850753634E-01 -3.6091623480899959E-01 
000070   9.7656250000000000E-04    7.7189333405883451E-02  3.4172746065647103E-01 -4.4334172617762252E-01    2.7264625050952590E-01  1.3904444386145876E-01  1.1474784680861726E-01 
000071   9.7656250000000000E-04   -2.9215452143244175E-01 -1.3256396926187855E-01 -1.7243830100131669E-02    4.9067188291834263E-02 -4.4456690060790621E-01  2.1856416685111669E-03 
000072   9.7656250000000000E-04   -7.7235723775102472E-01 -1.5344378013440410E-01 -8.3039771104229027E-02   -8.0167215767314906E-02 -2.3649053147542018E-01  5.7887824025957990E-02 
000073   9.7656250000000000E-04    2.7028017384565584E-01  1.1695021897288012E-01 -2.5711741638295399E-01   -1.3437576879288982E-01 -4.0686117680126305E-01 -3.9269322332098044E-01 
000074   9.7656250000000000E-04    7.8527614198002041E-02 -8.6438847909588168E-02  8.9773548890847044E-01   -3.6632179595079967E-01  4.2837516422163063E-01 -3.6459049202066898E-02 
000075   9.7656250000000000E-04    1.0264248111269056E+00 -7.2790714535604484E-01 -8.7817439745132475E-01   -1.6122673341157723E-01 -1.6798933205894423E-01 -1.5299710183554582E-01 
000076   9.7656250000000000E-04   -6.5030230206548267E-01  1.2667848392923906E+00 -1.9422107795301974E-01    1.2216137940843880E-02  3.5967684753205764E-01  2.3404105009380491E-01 
000077   9.7656250000000000E-04    2.9293731714149596E-01  1.6358267123068424E+00  1.3764537173822109E+00   -2.8217881056869126E-01  1.6423774257305704E-01 -2.5597565871980171E-01 
000078   9.7656250000000000E-04    2.4543844424198552E-01 -7.5246279985340073E-02  6.9594352802472212E-02   -5.5104370078236165E-01  4.8948403260349099E-01 -3.9041429842856284E-01 
000079   9.7656250000000000E-04   -2.4952004313881276E-01 -3.2344480402982617E-01 -2.6220568827210089E-01    1.8870456198205326E-01 -1.8277093013198262E-01 -3.8193725652807320E-01 
000080   9.7656250000000000E-04   -4.0569340084164879E-02 -2.9878473421987595E-01  3.0865833078530674E-01    4.3194784745696174E-01  5.1476716050231941E-01 -3.7087333240061526E-02 
000081   9.7656250000000000E-04    1.1301846650680694E+00 -4.7483929180532636E-01  8.7705873729021877E-01    1.0635698417466836E-01  2.5016632724264370E-01  7.1657222171358392E-02 
000082   9.7656250000000000E-04    1.3131875464864253E+00 -7.1061180449523498E-01 -2.6865484567580733E-01    2.7706618543197925E-01  6.6021762956044217E-01  7.4549394565580518E-02 
000083   9.7656250000000000E-04    1.0732462699705583E+00  8.5155125756227545E-01  1.7874426623456452E-01   -6.5916733756425858E-02 -9.0567658155878250E-02  2.6152291950517115E-01 
000084   9.7656250000000000E-04   -2.1546191113314737E+00  5.6885400722704527E-01  1.7097458981675802E+00   -1.0370200401983438E-01  1.5166143109212498E-02 -6.2128286536053012E-02 
000085   9.7656250000000000E-04   -2.5425150425134363E-01  4.3416428433236753E-01 -5.7242581775254686E-01   -1.3742570294829143E-01  6.8831147620339028E-01 -3.2667727856782058E-01 
000086   9.7656250000000000E-04   -9.3879925245785548E-02 -1.8291942749397444E-01  1.5838925421213160E-01   -1.8362518252823734E-01  2.7819782431134815E-01  2.8786222579582837E-01 
000087   9.7656250000000000E-04   -6.4860852473025721E-01 -4.9693708570745410E-01 -6.5276066210150518E-01   -1.6745141832846457E-02 -1.4971547257359177E-01  2.8230486541977562E-01 
000088   9.7656250000000000E-04   -3.2502074910661405E-01  1.6990836014302974E-01  2.4449684627446347E-01   -7.4294922236336902E-01 -9.7534746367096248E-01 -2.2059135718504114E-02 
000089   9.7656250000000000E-04   -4.0153244104345126E-01  4.6700118475720359E-01 -8.6410847363552479E-01   -5.4971237225098657E-01 -2.5717511873565768E-01  3.7671557101251096E-01 
000090   9.7656250000000000E-04    2.0452420690466783E-01  1.6435476822783175E+00 -2.9273995842409639E-01   -6.0507075531236509E-01 -1.3091429637043786E-01  2.8691913901294047E-01 
000091   9.7656250000000000E-04   -5.9072914594396841E-01 -3.6387033497318694E-01  3.1354187033003939E-01    1.8720498270368563E-01 -2.2701177152972873E-01 -5.7066429329276649E-02 
000092   9.7656250000000000E-04    2.7791323377751481E-01  1.1316085684426842E+00  2.9888866601029268E-03   -2.7988037740292887E-01  6.2271662560196539E-01 -4.4704137008050959E-01 
000093   9.7656250000000000E-04    5.5052665462694939E-01  9.9939714804078439E-01  3.9633148987613381E-01   -2.7591555046442673E-01 -3.8084030166842149E-02 -2.5915044335196569E-01 
000094   9.7656250000000000E-04    1.6419067930216880E+00 -6.4184104057553981E-02  5.1744104297166282E-01    1.2392256507512413E-01 -6.4632825560515905E-01 -2.8515603039617715E-01 
000095   9.7656250000000000E-04   -4.2865166361827578E-01  4.8197788025406957E-01 -3.1084599981758265E-01   -2.5856804331587774E-01  5.9642937941763223E-02 -3.0124428948977289E-01 
000096   9.7656250000000000E-04   -5.2117049175849660E-02  3.2155290866156155E-01  1.0473492596033093E-01   -6.0739356956547241E-01 -3.5206078052317391E-01 -1.3427127542494915E-01 
000097   9.7656250000000000E-04   -4.4494618044755513E-01  2.8054082676201997E-01  4.5870321146242204E-01    1.0509042974654681E+00 -5.8006048639706709E-01 -7.5030422893677484E-01 
000098   9.7656250000000000E-04    2.1854995940262556E-01  2.0565152836681005E-01 -1.5514195244294909E-01   -2.8565952305253911E-01 -1.6056016551588473E-01  1.4489279302176516E-01 
000099   9.7656250000000000E-04   -5.7553372039816297E-01  2.1432034343505280E-01 -3.0047664387041262E-01    7.7521861992415053E-01 -7.5631641712692843E-01  5.4038544276055123E-01 
000100   9.7656250000000000E-04   -1.7373889680784349E-01  7.9783598664830091E-01 -7.8498142040362529E-01    2.2468894288254215E-01 -9.2722813958536793E-02  1.6237546913779446E-01 
000101   9.7656250000000000E-04    8.6678045941675008E-01  2.9084271675508561E-01  1.5142457370429088E-01   -1.4209376903671322E-01  5.6050857054673930E-01  4.3321989166058616E-02 
000102   9.7656250000000000E-04   -6.2871381823279260E-01  4.3209171180275391E-01  4.1503816223690826E-01   -3.4725610102078347E-01 -5.3170911149732270E-01  9.1401667415603327E-01 
000103   9.7656250000000000E-04    2.1141654242036845E-01 -1.2678739953682991E-01 -5.4253938296927162E-01   -5.2887978045614836E-01 -1.3570031477420133E-01 -7.5114715705102653E-01 
000104   9.7656250000000000E-04    1.5282061098713412E-02  4.0414757241336946E-01  1.5115263822656208E-01    7.4659648201494455E-01 -5.7637117877282551E-01 -5.2875048398431357E-01 
000105   9.7656250000000000E-04    1.1980742142183264E-01  4.3329780202509438E-02 -3.0732627921995007E-03    4.9320532720643306E-01  3.0170150903832703E-02  5.5944760009393102E-01 
000106   9.7656250000000000E-04   -2.3815619539129246E-01 -7.7638211884441588E-01  1.4705190659671137E+00   -4.3859497981770534E-01 -4.0771623418107139E-01 -2.6460230060654016E-01 
000107   9.7656250000000000E-04    1.9005451497928399E-01  2.4612744379455944E+00 -2.0671754896186828E-01   -2.5398740314380625E-01 -6.6903783156432653E-02 -2.6087232299880875E-01 
000108   9.7656250000000000E-04   -5.7618619537555893E-01 -3.4290015725445222E-01  3.8679421312417345E-01   -4.6068702842744275E-01 -6.9753583470242952E-01  9.7830182808723687E-02 
000109   9.7656250000000000E-04   -1.7663814139260179E+00  9.7854732291710878E-01  3.3944590797852503E+00    7.2592004145322853E-02  2.7240087153893716E-01  3.2384707818444475E-01 
000110   9.7656250000000000E-04   -4.0676827621494438E-01  1.3642215288425541E-01 -1.0492743203947255E-01   -3.3232490042776319E-01 -7.3489640601272221E-02  2.2769639886113713E-01 
000111   9.7656250000000000E-04   -1.5833754351006235E+00  3.7754437644155292E-01  1.0740193304879522E+00   -3.6959187204238089E-02 -1.7944232882118186E-01  1.1260119382499328E-01 
000112   9.7656250000000000E-04   -1.9168297793665923E-01  4.4361915614584890E-01 -3.9186222908732699E-01   -3.3573165393276461E-01 -1.7413047761769040E-01 -8.6297553890324230E-01 
000113   9.7656250000000000E-04    1.8920535949199313E-01  5.2491401368415491E-01  1.6066869835973266E-01   -2.4159625967092153E-02 -8.7400289755084914E-01  1.8734285800483036E-01 
000114   9.7656250000000000E-04    1.9399227000214320E-01  2.1091943610001752E-02 -2.2969702177685508E-01    3.3400670678010796E-01  2.4955294196951985E-01 -3.6587998068253691E-02 
000115   9.7656250000000000E-04   -8.2854046841075224E-02  4.5775174217432386E-02 -5.0388075847410052E-01   -1.7222968810260719E-01  4.4614972317072954E-02  3.2567651032421485E-01 
000116   9.7656250000000000E-04    1.9041676643825872E-01  5.5451877216233492E-01  2.5803525924482384E-01   -7.3904811503966472E-01  8.7105427535646052E-01  4.6056126026561478E-02 
000117   9.7656250000000000E-04    5.5661279973699185E-01 -2.1072604465509670E-01  1.0702018527767801E-01   -1.9872968665083224E-01  1.3296770528383831E-01  3.3489917970141958E-01 
000118   9.7656250000000000E-04   -2.6052867138809493E-01 -2.5088007356234049E-01  4.9192155789970260E-01   -1.3119117060288465E-01 -5.2979543324627765E-01 -3.3931418828723009E-01 
000119   9.7656250000000000E-04    5.4855786472279566E-01 -1.7884696607699543E-01  7.4212381445811715E-01   -4.3390972009482109E-01 -3.1762438010659511E-01 -7.1305652552142744E-03 
000120   9.7656250000000000E-04    1.4477408961403349E-01  1.3409785057866749E-01 -5.8880649601724434E-02   -4.7213306954305034E-01  5.7564701203106328E-01 -1.7213296549075142E-02 
000121   9.7656250000000000E-04   -1.5831626971473221E+00  2.0390275086004611E-01  6.5262406882263735E-01    3.5683900960672504E-01  1.7140035475783771E-02 -2.1952905056741867E-01 
000122   9.7656250000000000E-04   -5.1590772795977524E-01 -4.5068114988120744E-01  4.9831561063577154E-02   -7.9398895507811262E-02 -7.9111704186713705E-01 -6.7155195226758543E-02 
000123   9.7656250000000000E-04    9.4178593549466824E-02  1.2577753404041372E+00 -1.1307802144267598E+00   -2.9013427859163604E-01 -2.4408875713733603E-02 -3.5880129080867146E-01 
000124   9.7656250000000000E-04    1.8766773335103332E-01  6.4508507240795723E-02 -4.7462765791422934E-01    1.7700229316606925E-01 -7.4146089303929338E-02 -4.9848783108976935E-01 
000125   9.7656250000000000E-04    2.2990087580496466E-01 -1.1316114382397627E-01  1.9728594375391120E-01   -3.9683675230012615E-02  8.3794506745871711E-01 -1.5909962711494938E-01 
000126   9.7656250000000000E-04   -7.5308987262802107E-02 -8.2512587032744569E-02  9.8640993439696167E-01   -8.0000907197110693E-01 -1.3777762645594824E-01  9.8260590189216804E-02 
000127   9.7656250000000000E-04    8.1281613550308537E-02 -1.8485538255557046E-01 -5.4822487855068913E-01   -2.6215698723412439E-01 -6.8110191394916453E-01  2.9618350635958068E-01 
