0000 
000256 
0.0000000000000000E+00 
000000   9.7656250000000000E-04    4.6044031290241588E-01  1.5612749555226912E-02  1.3252702932865907E+00   -2.2023751334708874E-01 -5.0839661917290702E-01  2.7451135038644953E-01 
000001   9.7656250000000000E-04    3.0271133999615119E-01 -2.0771181406803269E-01  2.5940121365121016E-01    2.6106639259616548E-02 -1.9926126982905176E-01  2.8205582134079649E-01 
000002   9.7656250000000000E-04    1.4112762962323866E-01 -7.2740758265442307E-01 -9.1281152441309477E-01   -4.8603824310369381E-01 -3.0506449815879405E-01 -2.6500783552175822E-01 
000003   9.7656250000000000E-04   -5.1862764654863647E-01  1.6559133361886694E-01  4.2780136543790079E-02    5.1296654644144657E-01  6.0179324509460219E-01 -1.6972894766640165E-01 
000004   9.7656250000000000E-04    1.1507186131216645E+00  1.2070619462304011E+00 -1.2341478896642721E+00    2.7890613713538814E-01  2.0883206336889021E-01  4.1393395036897387E-02 
000005   9.7656250000000000E-04    6.2009052073549190E-02 -7.1963360634133153E-02  7.8604786181074832E-02    7.8320291343504167E-01  8.8100086490753793E-02 -5.1305293583481168E-03 
000006   9.7656250000000000E-04   -5.8683150602911816E-01  1.3128858502011911E-01 -1.3579352582305231E+00    2.7101972619438669E-01  4.8616933948835733E-01 -3.1678736080024902E-02 
000007   9.7656250000000000E-04    8.9884127176237907E-02 -9.7082222265706131E-01 -4.0481458573464274E-01   -1.3208206803467498E-01 -1.5017866851443407E-01 -3.5660418739260791E-01 
000008   9.7656250000000000E-04   -5.0504236034670091E-01  2.2878611053114464E-01 -1.6169514296124843E-01   -6.0855866670190148E-02 -5.6717298638234215E-01 -9.8610979621105377E-01 
000009   9.7656250000000000E-04   -3.0769727992331186E-02  1.1923091707119772E-01 -1.1581363517936705E-01    2.2054431818743925E-01 -2.7605267283617507E-01  1.1627679177827159E+00 
000010   9.7656250000000000E-04   -1.3434422809911233E+00 -1.2087233974452838E+00 -8.2203417371233833E-01   -3.2523326341399700E-01 -4.1115540781010351E-01  4.1579662296629055E-01 
000011   9.7656250000000000E-04    1.0935374941027642E+00 -5.1349111454631824E-01  1.8094447250573713E+00   -2.4521801971200829E-01 -2.0984771370460542E-01  1.2279563772335585E-01 
000012   9.7656250000000000E-04   -2.5811285331130640E-01 -1.8284104639708906E-01  5.9885152919018414E-01    1.6296642796792338E-01 -4.0560729590429700E-01 -1.2877352250553378E-01 
000013   9.7656250000000000E-04    7.9355214599505919E-01 -1.6661574895541607E+00 -1.6436719986157984E+00    2.4960777035567477E-01 -3.8971097917483544E-01  7.9895837364561115E-02 
000014   9.7656250000000000E-04   -9.9219635066871883E-02 -3.5838057717465766E-01  8.2536635800024771E-01   -3.2588649726384367E-02  6.8224824195376721E-01  2.8308166914320348E-01 
000015   9.7656250000000000E-04   -1.7995687901402180E-01 -1.4568573268891075E-01 -2.8410120211334361E-01    9.3563866212507696E-01  1.9576664122608459E-01  4.8648459632099822E-01 
000016   9.7656250000000000E-04   -2.2222836542424756E-01  2.9311571894858524E-01 -3.9357325649941383E-01   -5.4188133962713581E-01  1.8526533910510384E-01  6.0370375630167550E-01 
000017   9.7656250000000000E-04   -2.5846970846547739E-02  2.4513878136297584E-01 -5.3701224388053559E-01    2.8501960536153892E-01  8.7014146546524551E-01  3.0855332653988693E-01 
000018   9.7656250000000000E-04    2.3039067987617634E-01 -2.5072272349195129E-01  6.9837079087657461E-01    8.4840337260947821E-02 -1.9972662472360295E-01 -6.8055139303259116E-01 
000019   9.7656250000000000E-04   -3.7087138574493111E-01 -1.1420875353066575E+00  1.4433269108051654E+00    7.8092767877337335E-02 -2.3015119226226616E-01 -4.7333343118864885E-01 
000020   9.7656250000000000E-04   -5.0622106273941458E-01 -1.0129280481399578E+00  7.6590571045495759E-01   -1.6342346505109379E-01 -7.4104182458915452E-02  1.3898813144963260E-01 
000021   9.7656250000000000E-04   -3.4696765386915845E-01 -2.9750485140637478E-01  7.5955234029453894E-02    7.1396802003090742E-01  2.0571808310328929E-01  9.1483360281211301E-01 
000022   9.7656250000000000E-04    2.8502607647128431E-01  3.2127524003845587E-01 -1.0642535268493947E-01    1.6539682121772076E-01  1.1859322079327504E-01 -9.6944763443716900E-02 
000023   9.7656250000000000E-04    4.4333489568356471E-01  2.4472602904083982E+00 -4.2099892093281976E-01   -1.8389030011961199E-01 -8.6447362054222848E-02 -5.1763475604576192E-01 
000024   9.7656250000000000E-04    4.6931357072468999E-01 -1.8193869443646584E+00 -9.8050058012940144E-01    1.6667667319779034E-02 -2.7227925540291875E-01  4.2222172544946029E-01 
000025   9.7656250000000000E-04    1.8276685547637772E-01  5.1810813623817387E-01  2.6440043362687965E-01   -1.1805837963298592E-01  4.3275595793396140E-02  2.9869184946734595E-01 
000026   9.7656250000000000E-04   -8.2670748611470868E-01 -4.4843995651124224E-01  8.6148151500817804E-01   -4.7929490180464634E-01 -2.2170833634640563E-01  8.7246287791110474E-02 
000027   9.7656250000000000E-04   -4.7708596379367091E-01  1.0941832524422883E-01 -1.7690607039080262E+00    1.5985680974762223E-01 -3.9503212684878825E-01  2.8560651112531488E-01 
000028   9.7656250000000000E-04    7.1965091217030361E-02 -3.5112186245421928E-01  2.7971870940526872E-01    5.2178315936060549E-01 -2.0200853027042331E-01 -5.4361430933070931E-01 
000029   9.7656250000000000E-04   -1.0318711330878508E-01  1.9172124888745323E-02  2.7240829663216337E-01    3.5417862101229369E-01 -1.9689761502870845E-01  4.4414881225158931E-01 
000030   9.7656250000000000E-04   -2.3645293032856056E+00  2.1922960684663209E+00  3.9425501950760533E+00   -2.6986813516391803E-02  2.3167008423211491E-01  1.4390264854715509E-01 
000031   9.7656250000000000E-04   -7.8162492005678696E-01  2.5421505714457133E-02  3.3328037983174247E-01    3.0967266171068697E-01  2.9168992569533458E-01 -2.0900217585582767E-01 
000032   9.7656250000000000E-04    1.2787544011825303E-02  1.1286597513661097E-02  1.6448531970678917E-01    5.1640652764203032E-01 -2.5256932909747676E-01 -6.9093309179990225E-01 
000033   9.7656250000000000E-04    4.1275618679422393E-02  3.7800693545632724E-01  4.8878820659371286E-01   -4.0809322193215752E-01  2.2477263870920569E-01 -9.8357504427979170E-01 
000034   9.7656250000000000E-04   -2.4597210013215004E-01  4.7929475637097194E-02 -5.0420361944924574E-01   -5.2112808311618186E-01 -7.5244227327274993E-01  1.6055870739666739E-01 
000035   9.7656250000000000E-04   -2.3874517262898748E-01  1.3412638697758150E-01  2.7685776695428932E-01   -9.2713619128414332E-02  4.5847214132289715E-01 -2.2059767843829650E-01 
000036   9.7656250000000000E-04    5.3733346945966665E-01  1.1799531892562172E+00  2.1410910888041372E+00   -8.2493381161469426E-02 -1.9339014155014045E-01  8.1549043758730330E-02 
000037   9.7656250000000000E-04   -9.6116696319675310E-01 -8.9953625733784781E-01 -1.7224937447324687E-02   -4.2914918504103783E-01 -6.4817572627642803E-02  5.3920738868418450E-01 
000038   9.7656250000000000E-04    3.7685924584812591E-01 -1.5477481176440377E-01  1.3125343677354095E-01    8.1018216606638893E-01 -4.9713890884335377E-01 -3.5140413519483821E-01 
000039   9.7656250000000000E-04    2.3630676570883713E-01  1.9705165806947608E-01 -1.8130030507533787E-01    6.0500497519098484E-01  1.5740962173474690E-01 -8.0240927368772155E-03 
000040   9.7656250000000000E-04   -2.2790470933342249E-01 -2.5689418562195099E-01  1.5374900749594329E+00    8.8324072238287907E-02 -5.2244109921592585E-01  5.1838244290339774E-01 
000041   9.7656250000000000E-04    1.2981985116701711E-01  2.3540297279833830E-01  1.1296465682990323E-01   -6.6522037993933381E-01  5.4044739647114381E-01 -6.5790733043166860E-01 
000042   9.7656250000000000E-04    5.0298507586780827E-01  6.3002414175352650E-01  9.0439730195589513E-02    4.6715316004119672E-01  4.3058902704841875E-02 -4.1254176083969196E-02 
000043   9.7656250000000000E-04    6.3346133381978934E-02 -5.9575554602729319E-01 -2.4318989132317248E-01   -1.4149780720003458E-01 -4.0185669023025272E-01 -6.6130244816396011E-01 
000044   9.7656250000000000E-04   -5.2381022545567835E-01 -8.3891709422309013E-01  1.4813060094563353E+00   -2.3942545519602558E-02  1.9991567027936852E-01  6.3725126166389467E-01 
000045   9.7656250000000000E-04   -1.6834890945084377E-02 -5.0761902728614056E-02 -1.1836532067535083E-01   -1.8570681881296197E-01 -1.2920671274139481E-01  3.4818838451132983E-01 
000046   9.7656250000000000E-04    4.7710906691621474E-01  1.3303756082626966E-01  7.4638452689981105E-01    5.8299963680930843E-03  6.2463296303777938E-01 -4.5810082662480295E-01 
000047   9.7656250000000000E-04    1.5544617045901232E-01 -8.5962048740915412E-02 -2.7441486056298175E-01    4.9056971870445315E-01 -5.6436741643954347E-01 -6.3230287339903124E-01 
000048   9.7656250000000000E-04   -2.0324517312178403E-01 -3.7635496802070184E-01 -2.1269435461073419E-01    2.2591756275565922E-01  4.6161624893335328E-02 -3.3372355857692482E-01 
000049   9.7656250000000000E-04   -1.0150323367666847E-01  4.1564823600977951E-01 -1.4453944066962018E-01   -1.7954219318107451E-01 -7.1311305436742289E-01 -8.8132911683106288E-02 
000050   9.7656250000000000E-04   -6.7506272174210313E-01 -6.5012420090956669E-01  1.3633442102174706E-01   -1.7177803237250416E-01 -4.4708405216532993E-01  3.4892361572889474E-01 
000051   9.7656250000000000E-04    4.8511761261944647E-02 -1.8076323800257654E-02  2.1937729119749305E-01    9.8257584894240912E-02  2.9817160024791500E-01 -1.2558326042160836E-01 
000052   9.7656250000000000E-04   -5.2018144711860248E-01  1.0757305752909278E-01  1.3840687169953289E-01   -4.9740985547629701E-01  5.9950429832252594E-01  2.6675441107817821E-01 
000053   9.7656250000000000E-04   -1.9839483951137982E-01  2.4276599877846881E-02  1.0008122033811362E-01    6.1344219382234877E-01  9.8185109014735761E-02 -3.7626729689858568E-01 
000054   9.7656250000000000E-04    8.4742204551710928E-02  1.2448583982324610E+00 -7.3244298822060081E+00   -2.1762464396951248E-01 -2.0728171662254571E-01  1.3342150940050104E-01 
000055   9.7656250000000000E-04    1.8004247929562162E-01 -7.2765106844608196E-01  1.4485187013643084E+00    5.6114956498212598E-01  7.0613144271993764E-02 -4.4391246799477768E-01 
000056   9.7656250000000000E-04   -2.5723328524823530E-01  2.8543883224653108E-03  4.7836378049165290E-01    4.8110303597595711E-01  7.6402409575820601E-03  5.6593821962908186E-01 
000057   9.7656250000000000E-04    1.7991134402394360E-01  8.8360188911714953E-03  2.7436059745546076E-01   -2.3143103005510318E-01  1.0581379479606650E+00 -3.7855399423306951E-01 
000058   9.7656250000000000E-04    4.6322473100505759E-02  9.1997984642593233E-02 -5.2358582799154514E-02   -1.3282851726721384E-01 -5.9138329385039337E-02 -3.6823754888876542E-02 
000059   9.7656250000000000E-04   -6.6970623079707281E-01  5.8207091564042257E-01 -7.5953668764735949E-01    1.1624307420325039E-01  8.8969580396531744E-01  1.3364410046381123E-01 
000060   9.7656250000000000E-04   -1.6053893197018146E-01 -2.2959841839485870E-01  2.9272639900285496E-01   -3.0179554598302499E-01 -7.7961846827202308E-01 -3.6021926529764198E-01 
000061   9.7656250000000000E-04    1.9284754705452728E-01 -4.9985079179524772E-01 -2.1290291771387834E-01   -1.0196574375596074E-01 -6.4623257378129417E-01  6.9109072402311733E-01 
000062   9.7656250000000000E-04    8.6513246396534849E-01 -2.1478484698505347E+00 -5.1436342304611449E-01    3.0365961180925105E-02 -1.1403313011712018E-01  3.1204389526310644E-01 
000063   9.7656250000000000E-04    1.0584014013284236E-01  4.3030725140632625E-01  4.3511603847856783E-01   -2.3061923695817160E-01  8.4737746706141859E-01  3.0952788060199871E-01 
000064   9.7656250000000000E-04    1.8049495930632111E+00 -1.3387633231424356E-01 -2.9650044780165635E-01    6.1575241068061481E-01  6.3261839693807428E-02 -3.0070733619009954E-01 
000065   9.7656250000000000E-04   -3.1604709781185314E-01 -3.1423371713332870E-01  4.7077599233050244E-01   -2.2413034712843927E-01  5.4947147114309758E-01  1.5072117126835821E-01 
000066   9.7656250000000000E-04   -3.3658095490888917E-01  1.5308810363895364E+00  1.2606994550113300E+00   -2.6975396600128798E-01 -2.7919199374426232E-02  1.4927259190396988E-01 
000067   9.7656250000000000E-04    1.3019606198248774E+00 -1.8393775097047882E+00 -3.7945274132072754E-01   -6.0787713521375686E-02  6.9061031546144694E-02  3.7227791307934766E-01 
000068   9.7656250000000000E-04    1.2465789650863695E+00  1.2293179952281750E+00  3.8268899902180842E-01   -3.2036393330077712E-01  6.5110859913313987E-02 -2.3741528729923389E-01 
000069   9.7656250000000000E-04   -8.5386693419385651E-01 -4.2975055765015197E-01 -4.2190817994100321E-01    8.0111972641497081E-02 -2.7772269850753634E-01 -3.6091623480899959E-01 
000070   9.7656250000000000E-04    7.7189333405883451E-02  3.4172746065647103E-01 -4.4334172617762252E-01    2.7264625050952590E-01  1.3904444386145876E-01  1.1474784680861726E-01 
000071   9.7656250000000000E-04   -2.9215452143244175E-01 -1.3256396926187855E-01 -1.7243830100131669E-02    4.9067188291834263E-02 -4.4456690060790621E-01  2.1856416685111669E-03 
000072   9.7656250000000000E-04   -7.7235723775102472E-01 -1.5344378013440410E-01 -8.3039771104229027E-02   -8.0167215767314906E-02 -2.3649053147542018E-01  5.7887824025957990E-02 
000073   9.7656250000000000E-04    2.7028017384565584E-01  1.1695021897288012E-01 -2.5711741638295399E-01   -1.3437576879288982E-01 -4.0686117680126305E-01 -3.9269322332098044E-01 
000074   9.7656250000000000E-04    7.8527614198002041E-02 -8.6438847909588168E-02  8.9773548890847044E-01   -3.6632179595079967E-01  4.2837516422163063E-01 -3.6459049202066898E-02 
000075   9.7656250000000000E-04    1.0264248111269056E+00 -7.2790714535604484E-01 -8.7817439745132475E-01   -1.6122673341157723E-01 -1.6798933205894423E-01 -1.5299710183554582E-01 
000076   9.7656250000000000E-04   -6.5030230206548267E-01  1.2667848392923906E+00 -1.9422107795301974E-01    1.2216137940843880E-02  3.5967684753205764E-01  2.3404105009380491E-01 
000077   9.7656250000000000E-04    2.9293731714149596E-01  1.6358267123068424E+00  1.3764537173822109E+00   -2.8217881056869126E-01  1.6423774257305704E-01 -2.5597565871980171E-01 
000078   9.7656250000000000E-04    2.4543844424198552E-01 -7.5246279985340073E-02  6.9594352802472212E-02   -5.5104370078236165E-01  4.8948403260349099E-01 -3.9041429842856284E-01 
000079   9.7656250000000000E-04   -2.4952004313881276E-01 -3.2344480402982617E-01 -2.6220568827210089E-01    1.8870456198205326E-01 -1.8277093013198262E-01 -3.8193725652807320E-01 
000080   9.7656250000000000E-04   -4.0569340084164879E-02 -2.9878473421987595E-01  3.0865833078530674E-01    4.3194784745696174E-01  5.1476716050231941E-01 -3.7087333240061526E-02 
000081   9.7656250000000000E-04    1.1301846650680694E+00 -4.7483929180532636E-01  8.7705873729021877E-01    1.0635698417466836E-01  2.5016632724264370E-01  7.1657222171358392E-02 
000082   9.7656250000000000E-04    1.3131875464864253E+00 -7.1061180449523498E-01 -2.6865484567580733E-01    2.7706618543197925E-01  6.6021762956044217E-01  7.4549394565580518E-02 
000083   9.7656250000000000E-04    1.0732462699705583E+00  8.5155125756227545E-01  1.7874426623456452E-01   -6.5916733756425858E-02 -9.0567658155878250E-02  2.6152291950517115E-01 
000084   9.7656250000000000E-04   -2.1546191113314737E+00  5.6885400722704527E-01  1.7097458981675802E+00   -1.0370200401983438E-01  1.5166143109212498E-02 -6.2128286536053012E-02 
000085   9.7656250000000000E-04   -2.5425150425134363E-01  4.3416428433236753E-01 -5.7242581775254686E-01   -1.3742570294829143E-01  6.8831147620339028E-01 -3.2667727856782058E-01 
000086   9.7656250000000000E-04   -9.3879925245785548E-02 -1.8291942749397444E-01  1.5838925421213160E-01   -1.8362518252823734E-01  2.7819782431134815E-01  2.8786222579582837E-01 
000087   9.7656250000000000E-04   -6.4860852473025721E-01 -4.9693708570745410E-01 -6.5276066210150518E-01   -1.6745141832846457E-02 -1.4971547257359177E-01  2.8230486541977562E-01 
000088   9.7656250000000000E-04   -3.2502074910661405E-01  1.6990836014302974E-01  2.4449684627446347E-01   -7.4294922236336902E-01 -9.7534746367096248E-01 -2.2059135718504114E-02 
000089   9.7656250000000000E-04   -4.0153244104345126E-01  4.6700118475720359E-01 -8.6410847363552479E-01   -5.4971237225098657E-01 -2.5717511873565768E-01  3.7671557101251096E-01 
000090   9.7656250000000000E-04    2.0452420690466783E-01  1.6435476822783175E+00 -2.9273995842409639E-01   -6.0507075531236509E-01 -1.3091429637043786E-01  2.8691913901294047E-01 
000091   9.7656250000000000E-04   -5.9072914594396841E-01 -3.6387033497318694E-01  3.1354187033003939E-01    1.8720498270368563E-01 -2.2701177152972873E-01 -5.7066429329276649E-02 
000092   9.7656250000000000E-04    2.7791323377751481E-01  1.1316085684426842E+00  2.9888866601029268E-03   -2.7988037740292887E-01  6.2271662560196539E-01 -4.4704137008050959E-01 
000093   9.7656250000000000E-04    5.5052665462694939E-01  9.9939714804078439E-01  3.9633148987613381E-01   -2.7591555046442673E-01 -3.8084030166842149E-02 -2.5915044335196569E-01 
000094   9.7656250000000000E-04    1.6419067930216880E+00 -6.4184104057553981E-02  5.1744104297166282E-01    1.2392256507512413E-01 -6.4632825560515905E-01 -2.8515603039617715E-01 
000095   9.7656250000000000E-04   -4.2865166361827578E-01  4.8197788025406957E-01 -3.1084599981758265E-01   -2.5856804331587774E-01  5.9642937941763223E-02 -3.0124428948977289E-01 
000096   9.7656250000000000E-04   -5.2117049175849660E-02  3.2155290866156155E-01  1.0473492596033093E-01   -6.0739356956547241E-01 -3.5206078052317391E-01 -1.3427127542494915E-01 
000097   9.7656250000000000E-04   -4.4494618044755513E-01  2.8054082676201997E-01  4.5870321146242204E-01    1.0509042974654681E+00 -5.8006048639706709E-01 -7.5030422893677484E-01 
000098   9.7656250000000000E-04    2.1854995940262556E-01  2.0565152836681005E-01 -1.5514195244294909E-01   -2.8565952305253911E-01 -1.6056016551588473E-01  1.4489279302176516E-01 
000099   9.7656250000000000E-04   -5.7553372039816297E-01  2.1432034343505280E-01 -3.0047664387041262E-01    7.7521861992415053E-01 -7.5631641712692843E-01  5.4038544276055123E-01 
000100   9.7656250000000000E-04   -1.7373889680784349E-01  7.9783598664830091E-01 -7.8498142040362529E-01    2.2468894288254215E-01 -9.2722813958536793E-02  1.6237546913779446E-01 
000101   9.7656250000000000E-04    8.6678045941675008E-01  2.9084271675508561E-01  1.5142457370429088E-01   -1.4209376903671322E-01  5.6050857054673930E-01  4.3321989166058616E-02 
000102   9.7656250000000000E-04   -6.2871381823279260E-01  4.3209171180275391E-01  4.1503816223690826E-01   -3.4725610102078347E-01 -5.3170911149732270E-01  9.1401667415603327E-01 
000103   9.7656250000000000E-04    2.1141654242036845E-01 -1.2678739953682991E-01 -5.4253938296927162E-01   -5.2887978045614836E-01 -1.3570031477420133E-01 -7.5114715705102653E-01 
000104   9.7656250000000000E-04    1.5282061098713412E-02  4.0414757241336946E-01  1.5115263822656208E-01    7.4659648201494455E-01 -5.7637117877282551E-01 -5.2875048398431357E-01 
000105   9.7656250000000000E-04    1.1980742142183264E-01  4.3329780202509438E-02 -3.0732627921995007E-03    4.9320532720643306E-01  3.0170150903832703E-02  5.5944760009393102E-01 
000106   9.7656250000000000E-04   -2.3815619539129246E-01 -7.7638211884441588E-01  1.4705190659671137E+00   -4.3859497981770534E-01 -4.0771623418107139E-01 -2.6460230060654016E-01 
000107   9.7656250000000000E-04    1.9005451497928399E-01  2.4612744379455944E+00 -2.0671754896186828E-01   -2.5398740314380625E-01 -6.6903783156432653E-02 -2.6087232299880875E-01 
000108   9.7656250000000000E-04   -5.7618619537555893E-01 -3.4290015725445222E-01  3.8679421312417345E-01   -4.6068702842744275E-01 -6.9753583470242952E-01  9.7830182808723687E-02 
000109   9.7656250000000000E-04   -1.7663814139260179E+00  9.7854732291710878E-01  3.3944590797852503E+00    7.2592004145322853E-02  2.7240087153893716E-01  3.2384707818444475E-01 
000110   9.7656250000000000E-04   -4.0676827621494438E-01  1.3642215288425541E-01 -1.0492743203947255E-01   -3.3232490042776319E-01 -7.3489640601272221E-02  2.2769639886113713E-01 
000111   9.7656250000000000E-04   -1.5833754351006235E+00  3.7754437644155292E-01  1.0740193304879522E+00   -3.6959187204238089E-02 -1.7944232882118186E-01  1.1260119382499328E-01 
000112   9.7656250000000000E-04   -1.9168297793665923E-01  4.4361915614584890E-01 -3.9186222908732699E-01   -3.3573165393276461E-01 -1.7413047761769040E-01 -8.6297553890324230E-01 
000113   9.7656250000000000E-04    1.8920535949199313E-01  5.2491401368415491E-01  1.6066869835973266E-01   -2.4159625967092153E-02 -8.7400289755084914E-01  1.8734285800483036E-01 
000114   9.7656250000000000E-04    1.9399227000214320E-01  2.1091943610001752E-02 -2.2969702177685508E-01    3.3400670678010796E-01  2.4955294196951985E-01 -3.6587998068253691E-02 
000115   9.7656250000000000E-04   -8.2854046841075224E-02  4.5775174217432386E-02 -5.0388075847410052E-01   -1.7222968810260719E-01  4.4614972317072954E-02  3.2567651032421485E-01 
000116   9.7656250000000000E-04    1.9041676643825872E-01  5.5451877216233492E-01  2.5803525924482384E-01   -7.3904811503966472E-01  8.7105427535646052E-01  4.6056126026561478E-02 
000117   9.7656250000000000E-04    5.5661279973699185E-01 -2.1072604465509670E-01  1.0702018527767801E-01   -1.9872968665083224E-01  1.3296770528383831E-01  3.3489917970141958E-01 
000118   9.7656250000000000E-04   -2.6052867138809493E-01 -2.5088007356234049E-01  4.9192155789970260E-01   -1.3119117060288465E-01 -5.2979543324627765E-01 -3.3931418828723009E-01 
000119   9.7656250000000000E-04    5.4855786472279566E-01 -1.7884696607699543E-01  7.4212381445811715E-01   -4.3390972009482109E-01 -3.1762438010659511E-01 -7.1305652552142744E-03 
000120   9.7656250000000000E-04    1.4477408961403349E-01  1.3409785057866749E-01 -5.8880649601724434E-02   -4.7213306954305034E-01  5.7564701203106328E-01 -1.7213296549075142E-02 
000121   9.7656250000000000E-04   -1.5831626971473221E+00  2.0390275086004611E-01  6.5262406882263735E-01    3.5683900960672504E-01  1.7140035475783771E-02 -2.1952905056741867E-01 
000122   9.7656250000000000E-04   -5.1590772795977524E-01 -4.5068114988120744E-01  4.9831561063577154E-02   -7.9398895507811262E-02 -7.9111704186713705E-01 -6.7155195226758543E-02 
000123   9.7656250000000000E-04    9.4178593549466824E-02  1.2577753404041372E+00 -1.1307802144267598E+00   -2.9013427859163604E-01 -2.4408875713733603E-02 -3.5880129080867146E-01 
000124   9.7656250000000000E-04    1.8766773335103332E-01  6.4508507240795723E-02 -4.7462765791422934E-01    1.7700229316606925E-01 -7.4146089303929338E-02 -4.9848783108976935E-01 
000125   9.7656250000000000E-04    2.2990087580496466E-01 -1.1316114382397627E-01  1.9728594375391120E-01   -3.9683675230012615E-02  8.3794506745871711E-01 -1.5909962711494938E-01 
000126   9.7656250000000000E-04   -7.5308987262802107E-02 -8.2512587032744569E-02  9.8640993439696167E-01   -8.0000907197110693E-01 -1.3777762645594824E-01  9.8260590189216804E-02 
000127   9.7656250000000000E-04    8.1281613550308537E-02 -1.8485538255557046E-01 -5.4822487855068913E-01   -2.6215698723412439E-01 -6.8110191394916453E-01  2.9618350635958068E-01 
000128   9.7656250000000000E-04    5.9995098316092427E-02 -1.6247066060163329E-01  1.5445555846961462E-01    5.2636262832352498E-01 -1.5651010592663861E-01  1.7341736297605526E-01 
000129   9.7656250000000000E-04   -1.1725977464164365E+00 -5.7423209968550504E-01 -2.4620962501782739E-01   -5.4915264255470142E-01  8.5201579344549444E-02 -8.8928569753295023E-02 
000130   9.7656250000000000E-04    1.5818483015480322E-01 -1.0400982964732669E-01  4.3531415150444769E-01    1.1046452329402239E+00  2.7952632663481641E-01 -1.3636117149614474E-01 
000131   9.7656250000000000E-04   -3.2322631616523961E-01 -2.8398369682009356E-01  1.7962843623080335E-01   -2.8307696607280675E-01 -3.0133883581746385E-01 -1.2396900642665141E+00 
000132   9.7656250000000000E-04   -1.0408265810372169E-01  6.1846666460538224E-01  6.3706651457700159E-02   -2.3484685521814574E-01  5.3162443459851305E-01 -5.8180875445055469E-01 
000133   9.7656250000000000E-04    5.5092176823521954E-01 -1.2128040176779653E-01 -3.0275082766001560E-01    1.8618757911327549E-01 -2.1288605111183141E-03 -9.8944191932607492E-02 
000134   9.7656250000000000E-04   -1.1714867757886774E-01 -1.0067327252412614E-01  1.6297384537563858E-01    4.7448145688382859E-01 -2.0832877786865495E-01  1.6956035176617615E-01 
000135   9.7656250000000000E-04    1.3729499898422531E-01  5.2710759081459690E-01 -3.7526565884424812E-01   -2.6605294128140911E-01  3.9049154527830743E-01 -2.3551621558683281E-01 
000136   9.7656250000000000E-04    5.1966135883859413E-02 -2.9655508886336118E-01  8.3412955064871241E-01    1.1464528805462047E-01 -8.3061508914013080E-02  3.8364297412841292E-01 
000137   9.7656250000000000E-04   -2.3613067453851100E-01 -1.2227984436037279E-01  2.7525480080545089E-01    7.7283826570576708E-01 -1.6322541419510106E-01 -5.1922802669428503E-02 
000138   9.7656250000000000E-04   -9.9944991226118884E-02  4.4233487061033333E-01 -5.1280695347366034E-01    4.8562427625654214E-01 -3.1438281879847108E-01  4.3678433651041143E-01 
000139   9.7656250000000000E-04   -6.5938195267405547E-02  1.7718766467278715E-01  4.9109600593961363E-02   -5.7860508936760613E-01  1.1884519215601219E+00 -2.9174293327064477E-01 
000140   9.7656250000000000E-04   -3.0524302220348326E-01 -2.2517732842371888E-01  7.6135177422291228E-02    6.5060603090245939E-01  5.8628936813848120E-01 -1.1008830291977502E-01 
000141   9.7656250000000000E-04    2.9679833466177441E-01 -4.1095120547498531E-01 -2.5825042199306358E-01   -3.3732714282484116E-02 -2.4719256217249411E-01  1.1437946148780731E-01 
000142   9.7656250000000000E-04   -3.0735835314861443E-01 -1.7650650380018246E-01 -1.3776738128671032E-01   -4.0773949298525181E-01 -2.5814592536000835E-01 -4.6412082043191183E-01 
000143   9.7656250000000000E-04    1.5314150546052469E-01 -1.3055101772842252E-02 -2.0611685750973419E-01    3.2052866604007590E-01 -6.8652660385181905E-02  5.1824063228946182E-01 
000144   9.7656250000000000E-04   -1.4301894129179979E+00  1.5105456175426482E+00  1.4703540331833882E+00    3.7965407901453385E-01  1.3998073684169551E-01 -3.0542647923918614E-01 
000145   9.7656250000000000E-04    3.7094614383302821E-01  8.3088167443309568E-01  2.6922276023676750E-01   -1.2465226487428978E-01  1.3864010394055212E-01 -2.8393943285866297E-01 
000146   9.7656250000000000E-04   -2.3381619932973163E-02 -1.7285924268565112E-01  3.5517241622441530E-03   -1.8280257633184210E-01  3.6049283465948473E-01  9.8266354250412039E-02 
000147   9.7656250000000000E-04   -2.2346783720469360E-01 -3.5508150580579445E-01  1.4800583755616964E-01    9.1638573549114244E-01 -1.8055223136971846E-01  4.4950544114270169E-01 
000148   9.7656250000000000E-04   -1.3500722356684738E+00 -6.8814371054767365E-01  5.4007710478092574E-01    1.1394295025333991E-01 -6.1597741266867612E-01 -5.1187167484109466E-02 
000149   9.7656250000000000E-04   -2.8260272742425313E-01 -4.8761267595973590E-01 -5.4678613695285327E-01   -2.8558648515670232E-01 -1.6520248441836063E-01 -2.6984088656644184E-01 
000150   9.7656250000000000E-04    4.7262861476029733E-01 -2.8988547640077950E-01 -1.3895650724434164E-01    3.1955784803907034E-01 -8.3290910139001542E-02  5.4026763250335996E-01 
000151   9.7656250000000000E-04    1.2778539969014274E-01 -5.0203823838883421E-01 -8.1141221564494964E-02    3.2911927032752786E-01 -7.2331151986419129E-01  7.2449190834112964E-01 
000152   9.7656250000000000E-04   -1.8949432157443064E-01  1.1971487384895196E+00  8.3238161621542661E-01    4.0518863566909924E-01  5.0876920565792327E-01  1.1103505450682746E-01 
000153   9.7656250000000000E-04   -5.6458051955053068E-01  1.8258558933810257E-01  4.2308781049960414E-01    1.0164416541160184E-01 -3.0999163368472471E-01  8.1885269849936201E-02 
000154   9.7656250000000000E-04    4.2181240753788052E-01  5.1563123543746026E-01  2.7754502212500831E-01    4.9861007779323241E-01 -1.4634285061101443E-01 -5.8648672959738579E-01 
000155   9.7656250000000000E-04    1.6924012696710972E-01 -6.5638346513391099E-01  2.7672436900935349E-01    2.7531081111254796E-01  1.9595704010009204E-01  6.2053842020342964E-01 
000156   9.7656250000000000E-04   -5.5508989824118615E-01 -4.8031168003569817E-03  2.4892996731519082E-01    2.5297414848597632E-01  1.8240520457767986E-02 -1.0610759266687420E+00 
000157   9.7656250000000000E-04    6.1135516871553650E-02  1.5801045798860577E-01  3.9605516544097075E-01   -2.8064171482408189E-02 -2.3611354134592433E-01 -5.2554964274757976E-01 
000158   9.7656250000000000E-04    3.2932230570964965E-01 -3.0957708164716735E-01 -7.4231923690958407E-02   -8.1903466900898503E-01  6.0162351681760373E-02 -7.1656402944157194E-01 
000159   9.7656250000000000E-04   -1.0993231813276882E+00 -2.7072018356887312E-01  8.8044911084141830E-01   -2.1493521439417468E-01  1.3324504702602574E-01  3.3594121494939205E-01 
000160   9.7656250000000000E-04    4.8329459500879829E-01  7.0069244885566193E-02  6.8687508049565318E-02    2.4855131156138138E-01 -3.0165815406239144E-01  1.5567310102523557E-01 
000161   9.7656250000000000E-04   -1.8740340373708086E-01  2.3829969818684774E-01  4.0150970687659725E-03    3.8972192538167943E-01  7.0794235940171446E-01  8.9214736563526242E-01 
000162   9.7656250000000000E-04    2.8723465200794367E+00 -7.4472589836033373E-02  5.3037881327174363E-01    2.8668624405574084E-01 -2.3186017788618431E-02  2.1680032013608111E-01 
000163   9.7656250000000000E-04    2.3719744211183044E-02 -2.0653029212979160E-01 -8.4506083672873766E-02    3.7793765107530747E-01 -6.2296818665432019E-01 -3.4470574010496846E-01 
000164   9.7656250000000000E-04   -7.0023650121145295E-02  2.1573124363957946E-01 -1.3929590847121995E-01   -3.4831891088554873E-01 -4.4922174136608206E-01  2.9885619816871706E-01 
000165   9.7656250000000000E-04   -7.3315501315186749E-01  4.8859796262407683E-02 -8.8804987390448037E-02    2.9875779985502621E-01  4.8299073208446014E-01 -4.8636529518111332E-01 
000166   9.7656250000000000E-04   -1.9087100116149830E-01  2.3769946180177248E-01 -5.1405141002604715E-01   -4.6227415083882895E-02 -4.0902132362272969E-01  1.4479627517997573E-01 
000167   9.7656250000000000E-04   -2.9877959302146317E-01 -7.9500436341215563E-01 -7.5123655628030646E-03    7.6889399197729447E-01  4.5169343350372787E-01 -3.0471842576502883E-02 
000168   9.7656250000000000E-04    1.1698071109586215E-01 -7.9019796175730475E-02  1.5171046674511368E-01   -1.3685376239525987E-01  2.1103145951602648E-02  1.2577420891806959E-01 
000169   9.7656250000000000E-04    2.8323474920291658E-01  4.1278751036539751E-01  7.4344950330450979E-02    2.8896427153674203E-01  1.0918074147694521E+00 -3.0397748281927095E-01 
000170   9.7656250000000000E-04   -2.8664359690876368E-01  2.4851086349419171E-01  3.9676321790892394E-02   -8.1320139798297005E-03 -6.9796025083279345E-01 -3.3938726442917788E-01 
000171   9.7656250000000000E-04   -6.0148888165054060E-01  1.2647714743089203E-01  1.2649994661390445E+00    3.0116410681250971E-01 -6.1854655472320344E-02  2.4114720706621509E-01 
000172   9.7656250000000000E-04    1.0693980270504728E+00  3.4505258185906823E-01 -4.6720359315832849E-01   -4.4993649477149311E-01 -1.3041241543688542E-01 -8.0485483586617945E-02 
000173   9.7656250000000000E-04    1.5116856675426991E+00  3.1327259577629842E+00 -6.1181605976364628E-01    3.4107374293599663E-01  9.7412216880978966E-02  3.2406412641220633E-01 
000174   9.7656250000000000E-04    5.7468369082125159E-02 -2.5044321850193352E-01 -3.6805179354881234E-01    2.2284206592776018E-01 -2.6316016055487335E-01  3.3210390176699622E-01 
000175   9.7656250000000000E-04   -4.7819246306863594E-01 -2.7188602340604279E-01  6.5916182521000577E-01    2.2084912357339959E-01  2.5012286498234243E-01  5.1646752591473125E-02 
000176   9.7656250000000000E-04    2.0197975197844398E-01  1.7339743247228293E-01  1.2313444857889372E-01   -4.5944111586246361E-01  1.2123298502020827E-01  8.6310762748495987E-02 
000177   9.7656250000000000E-04    2.8158783538311422E-01  2.6341930427279558E-01  5.7320342581122974E-01   -3.8110766101474997E-01  2.9571672292282469E-01  6.3996769191653169E-01 
000178   9.7656250000000000E-04    1.1072979363118050E-01  2.5868081481552691E-02  1.3723696606311342E-01   -3.6919462554489596E-01  2.7659008662478968E-01  8.0946911105892611E-02 
000179   9.7656250000000000E-04   -7.0471898767152663E-01  8.4207142232067850E-02 -3.3042397350026215E-01    8.7377521215646473E-02  5.5255072449007470E-01 -9.8424576819491538E-01 
000180   9.7656250000000000E-04   -2.0122389482425196E-01  2.9337442402146058E-01  7.6366281941094638E-01    1.2451002676076554E-01 -7.1675018201697183E-01  4.6434310000261145E-02 
000181   9.7656250000000000E-04   -3.5359567536104441E-01  6.1671950007021492E-01  1.2477515262775959E-01   -1.3671694772443249E-01 -1.6308261983939829E-01  2.4675229892477504E-01 
000182   9.7656250000000000E-04    3.5795859134098923E-01  4.2384183850437079E-01 -6.0973428451728828E-01    8.1195144520502097E-02 -1.7712970823632654E-01 -3.2686837349938358E-01 
000183   9.7656250000000000E-04   -6.6366167707931759E-02 -1.6210436602381199E-02  3.2801685903305194E-01   -2.3651512346353409E-01 -4.0380815428130334E-01 -3.2802260762323748E-01 
000184   9.7656250000000000E-04    1.6365580339161745E-02  1.0568606171950751E-01  2.2758558286575287E-01    8.9642178134415917E-01  3.4759550022742330E-01  1.7709474270723774E-01 
000185   9.7656250000000000E-04    3.2074637047116789E-01 -1.8007660699567372E+00  5.2717289892020402E-01   -3.0674554931577822E-02 -3.8985859504721743E-01 -4.4694981095378222E-01 
000186   9.7656250000000000E-04   -4.3604304583075354E-01 -2.3408424056863289E-01  8.3055350852790172E-02   -2.9486409222253505E-02  2.8457462292387359E-01 -5.1611168669562579E-01 
000187   9.7656250000000000E-04   -1.2625192742244795E-01  3.4055986975901276E-01  7.0286640319297777E-01    2.7858060452667333E-01  2.4600834082397445E-02 -2.1995565663313871E-01 
000188   9.7656250000000000E-04    7.6836802560868014E-02  8.6095682504063811E-02 -1.5586923914314496E-01    6.7209850062236598E-01 -2.1041342461659165E-01 -6.8772380674015865E-01 
000189   9.7656250000000000E-04   -5.4301155792361855E-01  1.1359323720003345E+00 -6.0081697290289349E-01   -3.0429585462506165E-01  1.8325847403890308E-01 -5.4068541148707572E-01 
000190   9.7656250000000000E-04    3.4233343559689433E-02 -1.1808361261017447E-01  1.8675265079220138E-01   -9.4496564988611109E-01 -6.2556585083132987E-01 -9.7003948456718128E-02 
000191   9.7656250000000000E-04   -3.7767645862806382E-01 -3.5366899969016041E-01  1.2926066291838665E+00   -1.3097635084742881E-01  2.4718722589541850E-01 -1.6194524424651116E-01 
000192   9.7656250000000000E-04    2.8484045228621291E-01 -2.8496466050328795E-01  6.8060527911286778E-02   -4.4239762205245448E-02 -1.9671857644871532E-01  3.9670738341341899E-01 
000193   9.7656250000000000E-04   -5.5717433603817967E-01 -1.3295036817279415E-01  3.9143588694906367E-01   -6.2270096323915414E-01 -1.3814706325576576E-01  3.0032483624276518E-01 
000194   9.7656250000000000E-04   -5.5056146441757958E-01  3.4206748874569270E-01  2.4940072057513424E-01    7.3794310852692935E-01  1.9545556003801676E-02  6.9826645664537457E-01 
000195   9.7656250000000000E-04    6.5423387389501098E-01 -6.0076079674708749E-01 -1.6301321968700558E-01    3.9770808684187847E-01 -4.2082813647488365E-01 -7.6822693993576152E-01 
000196   9.7656250000000000E-04    6.2619564644393566E-01 -3.3002312183412497E-01  4.8053855728690270E-01    2.5586032038869405E-01 -3.2123575480901440E-01 -1.2025838813453255E-01 
000197   9.7656250000000000E-04   -7.7728825200979179E-02  3.4542260388046331E-01 -5.9810742656411398E-01    2.8694040833388779E-01  7.8148159364861067E-03 -5.4955811856902081E-01 
000198   9.7656250000000000E-04    4.8956258771576158E+00 -4.6900482782199928E+00 -3.5850049278762025E-01   -2.9383430464430343E-02 -2.1160760959296657E-01 -6.5336158802044419E-03 
000199   9.7656250000000000E-04   -1.0033147335327588E+00 -3.4870773447829712E-01 -2.4901383121770199E-01   -1.2037051595351943E-01 -4.2872365315447220E-01 -8.8304308197282785E-05 
000200   9.7656250000000000E-04   -7.3681765823097733E-01  1.1898874748744879E+00 -1.0293144369373911E-01   -4.5654535710109967E-02  3.3426039185250173E-01 -3.9843710914926042E-02 
000201   9.7656250000000000E-04    4.9202316073425803E-02  2.0198502501534654E-01  3.5104636983035742E-01    1.0143504442104645E+00 -1.4766372723090535E-01 -2.3584150112193061E-01 
000202   9.7656250000000000E-04   -1.1676243338304158E-01 -8.2063264393840360E-02  1.7128029850585377E-01   -2.4384536308195781E-01 -9.8027614375761418E-01  4.4509595109770145E-01 
000203   9.7656250000000000E-04    1.5290704799919763E+00 -1.1973377859703518E+00 -3.1738590463136440E-01   -1.9968806140683015E-01  2.4767799238115118E-04  3.5287121566533924E-01 
000204   9.7656250000000000E-04   -1.2517411070553486E-01  6.0705727297971052E-02 -1.4249117622287247E-01   -2.4791078637763092E-01 -4.8807785369255046E-03 -6.9805493753650905E-01 
000205   9.7656250000000000E-04    1.3162631595757546E-01  3.0673829442824102E-01 -2.0677288169335378E-01   -2.4823547265444978E-01  4.6773456472830426E-02 -1.8857745039979446E-01 
000206   9.7656250000000000E-04   -5.6336008024429607E-01  5.8897778632555986E-01  3.0154988868006511E-02   -2.1701841441172165E-01  1.6149311188441531E-01 -6.0539591284778871E-01 
000207   9.7656250000000000E-04    2.2003953348384325E-01 -5.9689486892857080E-01 -9.8082520399964268E-01   -5.0505043813712694E-02  4.4903709496191396E-01  3.6684247229888706E-01 
000208   9.7656250000000000E-04   -2.1385954443213434E-01 -3.1504905360246444E-01  4.7558830291723619E-01   -1.0683954597209522E-01  1.8890083247838046E-01 -2.1588140125780175E-01 
000209   9.7656250000000000E-04    6.1317999550863062E-02  1.5228759124229507E-01  4.4549751513097979E-01    1.0001971487201113E+00  2.1834109693931302E-03 -2.0215890772806272E-01 
000210   9.7656250000000000E-04   -1.9997557631803096E+00  6.0320156910428480E-01 -1.0325611238179980E-01    8.7276016487697589E-02  3.7995886175982202E-01  7.3128827182571951E-02 
000211   9.7656250000000000E-04   -1.5538957010619996E+00 -7.7505213387655891E-01 -5.9196904413681661E-01   -4.3604693947125761E-01  3.6727746938046250E-02 -5.0089767993214754E-02 
000212   9.7656250000000000E-04   -2.0567655865557544E-01 -1.2549186639327534E+00 -1.6263482696398122E+00   -3.8954624905649127E-01 -8.8443917610243436E-02 -1.2504314029799979E-01 
000213   9.7656250000000000E-04   -2.6587199820463869E-01  1.3068284445590284E-01 -5.0509585041704101E-02    9.4348512035579635E-01  3.9336560490923805E-01 -2.4915694525433008E-01 
000214   9.7656250000000000E-04   -3.0854102799788592E+00  8.8722487925757476E-01 -2.1056767512344057E-01    3.0998924479531866E-03  5.3548147187958095E-01 -1.1216859066690135E-01 
000215   9.7656250000000000E-04   -1.6447534398602495E-01 -2.7095534483314454E-01 -6.2718751916311422E-01   -4.3636772716626621E-01  3.7099585056781714E-01  4.5131457424047483E-01 
000216   9.7656250000000000E-04   -2.1116477080075929E-01  3.2937012950028660E-01 -5.1678705913415746E-01    5.1665589779381138E-01  1.4477451559451623E-01 -3.5264226951164912E-01 
000217   9.7656250000000000E-04   -8.7712236946836031E-01 -1.5438281651282162E+00 -1.5330952382681280E+00    2.6701722986213411E-01 -6.3939809016223592E-02 -1.6743561807188900E-01 
000218   9.7656250000000000E-04   -7.2446121285156351E-01  7.3626383587124825E-02 -2.9446793569197627E-01    4.7284893237862163E-01  5.3760432093876862E-02 -4.1105619236161967E-01 
000219   9.7656250000000000E-04    1.5188744700966175E+00 -3.4272154817936468E-01  7.7385804096411570E-01   -3.2543417592472007E-03 -5.5718492996870339E-01  3.9170557631528644E-02 
000220   9.7656250000000000E-04   -2.1182686969942599E-01 -2.2780918840136063E-01 -2.6943472874804186E-01   -5.0029683599388308E-02  3.3448588218189373E-01  7.6969925235484760E-01 
000221   9.7656250000000000E-04    1.0792553812229629E-01  1.7042271298150852E-01 -4.6280377446737381E-01    7.2681439304517170E-01 -1.9408542787694313E-02  4.2088805836619309E-01 
000222   9.7656250000000000E-04    4.7345871586556393E-01 -2.6791890640966548E-01 -3.0422081736353196E-01   -8.7275094053825641E-01 -7.2800736517880227E-01 -6.3436472918538309E-02 
000223   9.7656250000000000E-04    2.3487710351416324E-01 -1.9669302862630278E-01  1.0300472240938011E-01   -2.6839714180269003E-01 -6.3056615373658909E-01  1.6968745102152877E-01 
000224   9.7656250000000000E-04    5.2407257578577726E-01 -5.5226709126153795E-02 -1.8803488415128128E-01   -3.8144462709125626E-01  2.8894254903801564E-01  5.9017567180896291E-01 
000225   9.7656250000000000E-04    7.5034746653332429E-03  7.1295534767022217E-02  1.8988131390660351E-01   -2.6275143777438437E-01  5.2069236966592214E-01  1.0117226429005994E+00 
000226   9.7656250000000000E-04   -5.3477622578336514E-01  1.9532670894243737E-01  1.6795626402033306E-01    2.9301059676417324E-01 -3.9343557386550193E-01  2.2048086118947438E-01 
000227   9.7656250000000000E-04   -5.5257409409304334E-02  8.3964736350704328E-01  1.7818208795638354E-01    2.9695461922882971E-01  7.2191110905589717E-01  2.4935454845499153E-01 
000228   9.7656250000000000E-04   -3.0183262101507680E-02  3.9214807405540697E-01  1.6988216621324814E-01    7.7434413537686086E-01 -2.7563033932595077E-01  2.9290428336587010E-01 
000229   9.7656250000000000E-04   -3.7810253794480428E-03  7.2987190712711847E-01 -2.1950435105849919E-01   -6.1226929790832529E-01  5.2136061877944251E-01  8.9072998635037182E-01 
000230   9.7656250000000000E-04   -3.1201260565651057E-01 -5.0479203173845011E-01 -3.5395521159837545E-01   -2.0784920423508874E-01 -3.6825682482446241E-02  3.4728810838988733E-01 
000231   9.7656250000000000E-04    1.3404224571120749E+00 -1.3976050821106789E+00 -1.0336719043753981E-01    2.4508945726266573E-01 -1.0200656654314004E-01  6.3935653111113877E-02 
000232   9.7656250000000000E-04    4.1332797141998306E-01  1.0651254987074806E-01  3.8072422340231321E-01   -4.9808417493766272E-02  7.7419129267089581E-01  4.1737426920631329E-02 
000233   9.7656250000000000E-04   -4.4940328661731238E-01 -1.6256538936283246E-01 -2.3943690989139521E-01    4.2083498496926763E-01 -3.7643693121549177E-01  4.2167227465042090E-02 
000234   9.7656250000000000E-04   -3.9150907246731825E-01 -1.6800483307197836E-01 -9.3225872098214174E-03    1.2168056413493203E-01  5.7918345835457663E-01  7.0860348319434019E-01 
000235   9.7656250000000000E-04   -4.4068469363315255E-01  2.5614636461909690E-01  8.7357510433601027E-01    4.6945587564395286E-01 -4.7968734933157442E-01 -7.0765603582204684E-02 
000236   9.7656250000000000E-04    1.7961478574833339E-01  1.3096924454524203E-01 -3.8777947777188171E-01    6.4541454223526768E-03 -4.1814174745960436E-01 -1.4759524439352709E-01 
000237   9.7656250000000000E-04   -6.4393294845319560E-01  2.9790245792981132E-02 -9.0706021734078135E-01   -5.3048274794898459E-02 -2.4139550945246899E-01 -1.9133135750499422E-01 
000238   9.7656250000000000E-04   -4.7739291257894785E-02  1.9131414650703726E-01 -3.1743637896471999E-01   -1.0276767386063082E-01  6.4565981625327717E-01  1.0577232024901790E+00 
000239   9.7656250000000000E-04   -5.9904101756103700E-01  2.2505545353890662E-02  4.5235241743887566E-01    3.4829501797424572E-01 -7.4850212905874980E-01  9.2635261078077513E-02 
000240   9.7656250000000000E-04    4.4763778077837119E-01  3.6800757744816492E-01  6.3349298661226220E-03   -8.5984540682721622E-01  1.6576521941329991E-01 -8.3429954240261095E-01 
000241   9.7656250000000000E-04   -1.0656306350520031E-01 -2.3928050427699030E-01  1.0356440677665701E-01   -5.9470668810658700E-01 -7.1332149440570848E-04  7.6757493537043420E-02 
000242   9.7656250000000000E-04   -4.4312144127838821E-02  2.7672257245610848E-01 -7.6618009049041508E-02    1.9929078427445690E-01 -5.8393891464297210E-01 -3.0606693886859236E-02 
000243   9.7656250000000000E-04    3.7527724614287916E-01 -4.8255388832377955E-01  2.4000539405351460E+00    2.8151029317510406E-01 -2.5536670446763232E-01  7.4625339435095528E-02 
000244   9.7656250000000000E-04   -5.6553320230501614E-01  5.0388123559190123E-01 -4.3044353054133366E-01   -8.5413485597188699E-01  1.6887266607688509E-01 -7.5068179239961591E-02 
000245   9.7656250000000000E-04    9.2535024333288696E-03 -1.5650691192611324E-01 -3.5745599732394231E-02   -1.1872631814079752E-01 -5.7184524144109194E-01 -6.1440207715791939E-01 
000246   9.7656250000000000E-04    5.1128664072395413E-03  6.0680339789732474E-01 -9.9679463822862413E-02    1.6708981969471448E-01  3.4169471166845228E-01 -1.4257532811711321E-01 
000247   9.7656250000000000E-04   -6.8247478104974479E-01 -2.8654292994935698E-01  1.5966882644889957E-01    4.3165347341807619E-01 -2.7028591460744522E-01 -7.4431222084452409E-02 
000248   9.7656250000000000E-04    1.0199428605215750E-01 -4.1535258055976465E-02  4.5018793119546208E-01   -4.2070225331613953E-01  7.4644379576438225E-01  8.4318161193380281E-01 
000249   9.7656250000000000E-04    2.0014135450462134E-01 -3.3511248488312717E-01  2.0225361178772380E-01   -2.8826818867063775E-01 -7.4886652697008627E-01 -4.8023991824690984E-02 
000250   9.7656250000000000E-04   -1.2689635642521313E-01  7.7407155271270778E-01 -1.1520791117317306E+00   -2.0600585537977256E-01  7.5403204504077490E-02  4.1502265986794173E-01 
000251   9.7656250000000000E-04   -1.8432753772391475E-01  3.7328636231213091E-01 -5.8657844153318361E-01    6.3489155283547177E-02 -3.5563781163695143E-02  9.8829241525185282E-02 
000252   9.7656250000000000E-04    7.5314242312159863E-01  1.2811130200986651E-01  1.1072018074732886E+00   -4.4389183110570846E-01  3.2310083309345899E-01  7.2409299773665045E-02 
000253   9.7656250000000000E-04   -1.5343014365576724E-01  1.5700673106762926E+00 -1.0115640906160800E-01    4.1667869359495113E-01 -1.5974844010129294E-01 -1.7432176930973528E-01 
000254   9.7656250000000000E-04   -4.0162957406776156E-01  3.2091142787326082E-01  4.9424075867934353E-01    4.2538368019701361E-01  3.1899968151698488E-01 -4.2235271898840104E-02 
000255   9.7656250000000000E-04    2.8700443784860991E-01  7.3776116157925797E-01 -9.4467016592966829E-02   -4.1596780851385523E-01  2.6634114217922611E-01  2.4118912582972862E-01 
