0000 
000032 
0.0000000000000000E+00 
000000   9.7656250000000000E-04    4.6044031290241588E-01  1.5612749555226912E-02  1.3252702932865907E+00   -2.2023751334708874E-01 -5.0839661917290702E-01  2.7451135038644953E-01 
000001   9.7656250000000000E-04    3.0271133999615119E-01 -2.0771181406803269E-01  2.5940121365121016E-01    2.6106639259616548E-02 -1.9926126982905176E-01  2.8205582134079649E-01 
000002   9.7656250000000000E-04    1.4112762962323866E-01 -7.2740758265442307E-01 -9.1281152441309477E-01   -4.8603824310369381E-01 -3.0506449815879405E-01 -2.6500783552175822E-01 
000003   9.7656250000000000E-04   -5.1862764654863647E-01  1.6559133361886694E-01  4.2780136543790079E-02    5.1296654644144657E-01  6.0179324509460219E-01 -1.6972894766640165E-01 
000004   9.7656250000000000E-04    1.1507186131216645E+00  1.2070619462304011E+00 -1.2341478896642721E+00    2.7890613713538814E-01  2.0883206336889021E-01  4.1393395036897387E-02 
000005   9.7656250000000000E-04    6.2009052073549190E-02 -7.1963360634133153E-02  7.8604786181074832E-02    7.8320291343504167E-01  8.8100086490753793E-02 -5.1305293583481168E-03 
000006   9.7656250000000000E-04   -5.8683150602911816E-01  1.3128858502011911E-01 -1.3579352582305231E+00    2.7101972619438669E-01  4.8616933948835733E-01 -3.1678736080024902E-02 
000007   9.7656250000000000E-04    8.9884127176237907E-02 -9.7082222265706131E-01 -4.0481458573464274E-01   -1.3208206803467498E-01 -1.5017866851443407E-01 -3.5660418739260791E-01 
000008   9.7656250000000000E-04   -5.0504236034670091E-01  2.2878611053114464E-01 -1.6169514296124843E-01   -6.0855866670190148E-02 -5.6717298638234215E-01 -9.8610979621105377E-01 
000009   9.7656250000000000E-04   -3.0769727992331186E-02  1.1923091707119772E-01 -1.1581363517936705E-01    2.2054431818743925E-01 -2.7605267283617507E-01  1.1627679177827159E+00 
000010   9.7656250000000000E-04   -1.3434422809911233E+00 -1.2087233974452838E+00 -8.2203417371233833E-01   -3.2523326341399700E-01 -4.1115540781010351E-01  4.1579662296629055E-01 
000011   9.7656250000000000E-04    1.0935374941027642E+00 -5.1349111454631824E-01  1.8094447250573713E+00   -2.4521801971200829E-01 -2.0984771370460542E-01  1.2279563772335585E-01 
000012   9.7656250000000000E-04   -2.5811285331130640E-01 -1.8284104639708906E-01  5.9885152919018414E-01    1.6296642796792338E-01 -4.0560729590429700E-01 -1.2877352250553378E-01 
000013   9.7656250000000000E-04    7.9355214599505919E-01 -1.6661574895541607E+00 -1.6436719986157984E+00    2.4960777035567477E-01 -3.8971097917483544E-01  7.9895837364561115E-02 
000014   9.7656250000000000E-04   -9.9219635066871883E-02 -3.5838057717465766E-01  8.2536635800024771E-01   -3.2588649726384367E-02  6.8224824195376721E-01  2.8308166914320348E-01 
000015   9.7656250000000000E-04   -1.7995687901402180E-01 -1.4568573268891075E-01 -2.8410120211334361E-01    9.3563866212507696E-01  1.9576664122608459E-01  4.8648459632099822E-01 
000016   9.7656250000000000E-04   -2.2222836542424756E-01  2.9311571894858524E-01 -3.9357325649941383E-01   -5.4188133962713581E-01  1.8526533910510384E-01  6.0370375630167550E-01 
000017   9.7656250000000000E-04   -2.5846970846547739E-02  2.4513878136297584E-01 -5.3701224388053559E-01    2.8501960536153892E-01  8.7014146546524551E-01  3.0855332653988693E-01 
000018   9.7656250000000000E-04    2.3039067987617634E-01 -2.5072272349195129E-01  6.9837079087657461E-01    8.4840337260947821E-02 -1.9972662472360295E-01 -6.8055139303259116E-01 
000019   9.7656250000000000E-04   -3.7087138574493111E-01 -1.1420875353066575E+00  1.4433269108051654E+00    7.8092767877337335E-02 -2.3015119226226616E-01 -4.7333343118864885E-01 
000020   9.7656250000000000E-04   -5.0622106273941458E-01 -1.0129280481399578E+00  7.6590571045495759E-01   -1.6342346505109379E-01 -7.4104182458915452E-02  1.3898813144963260E-01 
000021   9.7656250000000000E-04   -3.4696765386915845E-01 -2.9750485140637478E-01  7.5955234029453894E-02    7.1396802003090742E-01  2.0571808310328929E-01  9.1483360281211301E-01 
000022   9.7656250000000000E-04    2.8502607647128431E-01  3.2127524003845587E-01 -1.0642535268493947E-01    1.6539682121772076E-01  1.1859322079327504E-01 -9.6944763443716900E-02 
000023   9.7656250000000000E-04    4.4333489568356471E-01  2.4472602904083982E+00 -4.2099892093281976E-01   -1.8389030011961199E-01 -8.6447362054222848E-02 -5.1763475604576192E-01 
000024   9.7656250000000000E-04    4.6931357072468999E-01 -1.8193869443646584E+00 -9.8050058012940144E-01    1.6667667319779034E-02 -2.7227925540291875E-01  4.2222172544946029E-01 
000025   9.7656250000000000E-04    1.8276685547637772E-01  5.1810813623817387E-01  2.6440043362687965E-01   -1.1805837963298592E-01  4.3275595793396140E-02  2.9869184946734595E-01 
000026   9.7656250000000000E-04   -8.2670748611470868E-01 -4.4843995651124224E-01  8.6148151500817804E-01   -4.7929490180464634E-01 -2.2170833634640563E-01  8.7246287791110474E-02 
000027   9.7656250000000000E-04   -4.7708596379367091E-01  1.0941832524422883E-01 -1.7690607039080262E+00    1.5985680974762223E-01 -3.9503212684878825E-01  2.8560651112531488E-01 
000028   9.7656250000000000E-04    7.1965091217030361E-02 -3.5112186245421928E-01  2.7971870940526872E-01    5.2178315936060549E-01 -2.0200853027042331E-01 -5.4361430933070931E-01 
000029   9.7656250000000000E-04   -1.0318711330878508E-01  1.9172124888745323E-02  2.7240829663216337E-01    3.5417862101229369E-01 -1.9689761502870845E-01  4.4414881225158931E-01 
000030   9.7656250000000000E-04   -2.3645293032856056E+00  2.1922960684663209E+00  3.9425501950760533E+00   -2.6986813516391803E-02  2.3167008423211491E-01  1.4390264854715509E-01 
000031   9.7656250000000000E-04   -7.8162492005678696E-01  2.5421505714457133E-02  3.3328037983174247E-01    3.0967266171068697E-01  2.9168992569533458E-01 -2.0900217585582767E-01 
